489	3_1_13c_425_Mi_Ko	0	0	0
486	3_1_14c_425_Mi_Ko	1	0	0
292	3_1_15c_425_Mi_Ko	2	0	0
540	3_2_4c_525_Mi_Ar	0	0	0
641	3_2_5c_525_Mi_Ar	1	0	0
554	3_2_6c_525_Mi_Ar	2	0	0
-499	1_2_10b_525_Ar_Ja	0	0	0
-541	1_2_11b_525_Ar_Ja	1	0	0
-444	1_2_12b_525_Ar_Ja	2	0	0
-223	1_3_51a_425_Ro_Mi	0	0	0
-355	1_3_49a_425_Ro_Mi	1	0	0
-348	1_3_50a_425_Ro_Mi	2	0	1
-553	1_2_22c_525_Ja_Ko	0	1	0
-507	1_2_23c_525_Ja_Ko	1	1	0
-513	1_2_24c_525_Ja_Ko	2	1	0
-524	1_2_34a_525_Ro_Ja	0	1	0
-524	1_2_35a_525_Ro_Ja	1	1	0
-478	1_2_36a_525_Ro_Ja	2	1	0
-545	1_2_10a_525_Ar_Ja	0	1	0
-553	1_2_11a_525_Ar_Ja	1	1	0
-558	1_2_12a_525_Ar_Ja	2	1	0
-73	1_3_52b_525_Ro_Ja	0	1	0
-327	1_3_54b_525_Ro_Ja	1	1	0
-155	1_3_53b_525_Ro_Ja	2	1	0
-242	1_3_37c_525_Mi_Ar	0	1	0
-200	1_3_38c_525_Mi_Ar	1	1	0
-334	1_3_39c_525_Mi_Ar	2	1	0
-336	1_1_21b_525_Ko_Ja	0	1	0
-289	1_1_19b_525_Ko_Ja	1	1	0
-244	1_1_20b_525_Ko_Ja	2	1	0
-483	1_2_16b_525_Ko_Mi	0	1	0
-517	1_2_17b_525_Ko_Mi	1	1	0
-533	1_2_18b_525_Ko_Mi	2	1	0
-460	1_2_28d_525_Mi_Ro	0	1	0
-456	1_2_29d_525_Mi_Ro	1	1	0
-499	1_2_30d_525_Mi_Ro	2	1	0
-93	1_3_51a_525_Ro_Mi	0	1	0
-225	1_3_49a_525_Ro_Mi	1	1	0
-218	1_3_50a_525_Ro_Mi	2	1	3
-405	1_1_7d_525_Ja_Ar	0	1	0
-321	1_1_8d_525_Ja_Ar	1	1	0
-307	1_1_9d_525_Ja_Ar	2	1	0
-196	1_3_43c_525_Mi_Ko	0	1	0
-190	1_3_44c_525_Mi_Ko	1	1	0
-139	1_3_45c_525_Mi_Ko	2	1	0
-237	1_1_25c_525_Mi_Ro	0	1	0
-284	1_1_26c_525_Mi_Ro	1	1	0
-419	1_1_27c_525_Mi_Ro	2	1	0
-168	1_3_41b_525_Ar_Ja	0	1	0
-428	1_3_42b_525_Ar_Ja	1	1	0
-190	1_3_40b_525_Ar_Ja	2	1	0
-167	1_3_48d_525_Ja_Ko	0	1	0
-52	1_3_46d_525_Ja_Ko	1	1	0
-308	1_3_47d_525_Ja_Ko	2	1	0
-314	1_1_31d_525_Ja_Ro	0	1	0
-371	1_1_32d_525_Ja_Ro	1	1	0
-271	1_1_33d_525_Ja_Ro	2	1	0
-261	1_1_13a_525_Ko_Mi	0	1	0
-264	1_1_14a_525_Ko_Mi	1	1	0
-458	1_1_15a_525_Ko_Mi	2	1	0
-185	1_3_4d_525_Mi_Ar	0	1	0
-135	1_3_5d_525_Mi_Ar	1	1	0
-114	1_3_6d_525_Mi_Ar	2	1	0
-374	1_1_1c_525_Mi_Ar	0	1	0
-395	1_1_2c_525_Mi_Ar	1	1	0
-396	1_1_3c_525_Mi_Ar	2	1	3
347	3_2_28a_425_Ro_Mi	0	2	0
324	3_2_29a_425_Ro_Mi	1	2	0
252	3_2_30a_425_Ro_Mi	2	2	0
343	3_1_25d_425_Mi_Ro	0	2	0
513	3_1_26d_425_Mi_Ro	1	2	0
408	3_1_27d_425_Mi_Ro	2	2	0
455	3_1_31a_425_Ro_Ja	0	2	0
506	3_1_32a_425_Ro_Ja	1	2	0
450	3_1_33a_425_Ro_Ja	2	2	0
395	3_1_19c_425_Ja_Ko	0	2	0
447	3_1_20c_425_Ja_Ko	1	2	0
456	3_1_21c_425_Ja_Ko	2	2	0
490	3_1_1d_425_Mi_Ar	0	2	0
442	3_1_2d_425_Mi_Ar	1	2	0
344	3_1_3d_425_Mi_Ar	2	2	0
597	3_3_37b_425_Ar_Mi	0	2	0
553	3_3_38b_425_Ar_Mi	1	2	0
553	3_3_39b_425_Ar_Mi	2	2	0
245	3_2_22d_425_Ja_Ko	0	2	0
316	3_2_23d_425_Ja_Ko	1	2	0
268	3_2_24d_425_Ja_Ko	2	2	0
495	3_3_52c_425_Ja_Ro	0	2	0
393	3_3_53c_425_Ja_Ro	1	2	0
549	3_3_54c_425_Ja_Ro	2	2	0
614	3_3_46a_425_Ko_Ja	0	2	0
493	3_3_47a_425_Ko_Ja	1	2	0
460	3_3_48a_425_Ko_Ja	2	2	3
321	3_1_7a_425_Ar_Ja	0	2	0
456	3_1_8a_425_Ar_Ja	1	2	0
471	3_1_9a_425_Ar_Ja	2	2	0
337	3_2_16c_425_Mi_Ko	0	2	0
318	3_2_17c_425_Mi_Ko	1	2	0
304	3_2_18c_425_Mi_Ko	2	2	0
676	3_3_49b_425_Ro_Mi	0	2	0
610	3_3_50b_425_Ro_Mi	1	2	0
484	3_3_51b_425_Ro_Mi	2	2	0
270	3_2_4a_425_Ar_Mi	0	2	0
371	3_2_5a_425_Ar_Mi	1	2	0
284	3_2_6a_425_Ar_Mi	2	2	0
282	3_2_10b_425_Ar_Ja	0	2	0
240	3_2_11b_425_Ar_Ja	1	2	0
337	3_2_12b_425_Ar_Ja	2	2	0
606	3_3_43d_425_Mi_Ko	0	2	0
405	3_3_45d_425_Mi_Ko	1	2	0
514	3_3_44d_425_Mi_Ko	2	2	0
573	3_3_40c_425_Ja_Ar	0	2	0
562	3_3_41c_425_Ja_Ar	1	2	0
479	3_3_42c_425_Ja_Ar	2	2	0
319	3_2_34b_425_Ro_Ja	0	2	0
351	3_2_35b_425_Ro_Ja	1	2	0
227	3_2_36b_425_Ro_Ja	2	2	0
409	3_1_15b_425_Ko_Mi	0	2	0
338	3_1_13b_425_Ko_Mi	1	2	0
527	3_1_14b_425_Ko_Mi	2	2	3
-532	1_2_34d_425_Ja_Ro	0	3	0
-500	1_2_35d_425_Ja_Ro	1	3	0
-624	1_2_36d_425_Ja_Ro	2	3	0
-395	1_1_31c_425_Ja_Ro	0	3	0
-344	1_1_32c_425_Ja_Ro	1	3	0
-400	1_1_33c_425_Ja_Ro	2	3	0
-606	1_2_22b_425_Ko_Ja	0	3	0
-535	1_2_23b_425_Ko_Ja	1	3	0
-583	1_2_24b_425_Ko_Ja	2	3	0
-245	1_3_43b_425_Ko_Mi	0	3	0
-446	1_3_45b_425_Ko_Mi	1	3	0
-337	1_3_44b_425_Ko_Mi	2	3	0
-455	1_1_19a_425_Ko_Ja	0	3	0
-403	1_1_20a_425_Ko_Ja	1	3	0
-394	1_1_21a_425_Ko_Ja	2	3	0
-581	1_2_4c_425_Mi_Ar	0	3	0
-480	1_2_5c_425_Mi_Ar	1	3	0
-567	1_2_6c_425_Mi_Ar	2	3	0
-529	1_1_7c_425_Ja_Ar	0	3	0
-394	1_1_8c_425_Ja_Ar	1	3	0
-379	1_1_9c_425_Ja_Ar	2	3	0
-360	1_1_1b_425_Ar_Mi	0	3	0
-408	1_1_2b_425_Ar_Mi	1	3	0
-506	1_1_3b_425_Ar_Mi	2	3	0
-237	1_3_46c_425_Ja_Ko	0	3	0
-358	1_3_47c_425_Ja_Ko	1	3	0
-391	1_3_48c_425_Ja_Ko	2	3	3
-278	1_3_40a_425_Ar_Ja	0	3	0
-289	1_3_41a_425_Ar_Ja	1	3	0
-372	1_3_42a_425_Ar_Ja	2	3	0
-514	1_2_16a_425_Ko_Mi	0	3	0
-533	1_2_17a_425_Ko_Mi	1	3	0
-547	1_2_18a_425_Ko_Mi	2	3	0
-356	1_3_52a_425_Ro_Ja	0	3	0
-458	1_3_53a_425_Ro_Ja	1	3	0
-302	1_3_54a_425_Ro_Ja	2	3	0
-441	1_1_15d_425_Mi_Ko	0	3	0
-512	1_1_13d_425_Mi_Ko	1	3	0
-323	1_1_14d_425_Mi_Ko	2	3	0
-504	1_2_28c_425_Mi_Ro	0	3	0
-527	1_2_29c_425_Mi_Ro	1	3	0
-599	1_2_30c_425_Mi_Ro	2	3	0
-254	1_3_37d_425_Mi_Ar	0	3	0
-298	1_3_38d_425_Mi_Ar	1	3	0
-298	1_3_39d_425_Mi_Ar	2	3	0
-175	1_3_49d_425_Mi_Ro	0	3	0
-241	1_3_50d_425_Mi_Ro	1	3	0
-367	1_3_51d_425_Mi_Ro	2	3	0
-569	1_2_10d_425_Ja_Ar	0	3	0
-611	1_2_11d_425_Ja_Ar	1	3	0
-514	1_2_12d_425_Ja_Ar	2	3	0
-507	1_1_25b_425_Ro_Mi	0	3	0
-337	1_1_26b_425_Ro_Mi	1	3	0
-442	1_1_27b_425_Ro_Mi	2	3	3
551	3_2_4b_525_Ar_Mi	0	4	0
601	3_2_5b_525_Ar_Mi	1	4	0
622	3_2_6b_525_Ar_Mi	2	4	0
506	3_2_10c_525_Ja_Ar	0	4	0
498	3_2_11c_525_Ja_Ar	1	4	0
493	3_2_12c_525_Ja_Ar	2	4	0
676	3_1_1a_525_Ar_Mi	0	4	0
655	3_1_2a_525_Ar_Mi	1	4	0
654	3_1_3a_525_Ar_Mi	2	4	0
591	3_2_28b_525_Ro_Mi	0	4	0
595	3_2_29b_525_Ro_Mi	1	4	0
552	3_2_30b_525_Ro_Mi	2	4	0
958	3_3_51c_525_Mi_Ro	0	4	0
826	3_3_49c_525_Mi_Ro	1	4	0
833	3_3_50c_525_Mi_Ro	2	4	0
498	3_2_22a_525_Ko_Ja	0	4	0
544	3_2_23a_525_Ko_Ja	1	4	0
538	3_2_24a_525_Ko_Ja	2	4	0
645	3_1_7b_525_Ar_Ja	0	4	0
729	3_1_8b_525_Ar_Ja	1	4	0
743	3_1_9b_525_Ar_Ja	2	4	0
978	3_3_52d_525_Ja_Ro	0	4	0
724	3_3_54d_525_Ja_Ro	1	4	0
896	3_3_53d_525_Ja_Ro	2	4	0
883	3_3_41d_525_Ja_Ar	0	4	0
623	3_3_42d_525_Ja_Ar	1	4	0
861	3_3_40d_525_Ja_Ar	2	4	3
884	3_3_48b_525_Ko_Ja	0	4	0
999	3_3_46b_525_Ko_Ja	1	4	0
743	3_3_47b_525_Ko_Ja	2	4	0
527	3_2_34c_525_Ja_Ro	0	4	0
527	3_2_35c_525_Ja_Ro	1	4	0
573	3_2_36c_525_Ja_Ro	2	4	0
568	3_2_16d_525_Mi_Ko	0	4	0
534	3_2_17d_525_Mi_Ko	1	4	0
518	3_2_18d_525_Mi_Ko	2	4	0
736	3_1_31b_525_Ro_Ja	0	4	0
679	3_1_32b_525_Ro_Ja	1	4	0
779	3_1_33b_525_Ro_Ja	2	4	0
809	3_3_37c_525_Mi_Ar	0	4	0
851	3_3_38c_525_Mi_Ar	1	4	0
717	3_3_39c_525_Mi_Ar	2	4	0
813	3_1_25a_525_Ro_Mi	0	4	0
766	3_1_26a_525_Ro_Mi	1	4	0
631	3_1_27a_525_Ro_Mi	2	4	0
855	3_3_43a_525_Ko_Mi	0	4	0
861	3_3_44a_525_Ko_Mi	1	4	0
912	3_3_45a_525_Ko_Mi	2	4	0
714	3_1_21d_525_Ja_Ko	0	4	0
761	3_1_19d_525_Ja_Ko	1	4	0
806	3_1_20d_525_Ja_Ko	2	4	0
789	3_1_13c_525_Mi_Ko	0	4	0
786	3_1_14c_525_Mi_Ko	1	4	0
592	3_1_15c_525_Mi_Ko	2	4	99