-453	1_1_4c_425_Mi_Ar	0	0	0
-352	1_1_5c_425_Mi_Ar	1	0	0
-439	1_1_6c_425_Mi_Ar	2	0	0
655	3_1_22a_525_Ko_Ja	0	0	0
701	3_1_23a_525_Ko_Ja	1	0	0
695	3_1_24a_525_Ko_Ja	2	0	0
-104	1_3_13a_525_Ko_Mi	0	0	0
-107	1_3_14a_525_Ko_Mi	1	0	0
-301	1_3_15a_525_Ko_Mi	2	0	0
449	3_3_7a_425_Ar_Ja	0	0	0
584	3_3_8a_425_Ar_Ja	1	0	0
599	3_3_9a_425_Ar_Ja	2	0	1
-184	1_3_15d_525_Mi_Ko	0	1	0
-255	1_3_13d_525_Mi_Ko	1	1	0
-66	1_3_14d_525_Mi_Ko	2	1	0
-374	1_2_49d_525_Mi_Ro	0	1	0
-385	1_2_50d_525_Mi_Ro	1	1	0
-552	1_2_51d_525_Mi_Ro	2	1	0
-353	1_1_4c_525_Mi_Ar	0	1	0
-252	1_1_5c_525_Mi_Ar	1	1	0
-339	1_1_6c_525_Mi_Ar	2	1	0
-138	1_3_31c_525_Ja_Ro	0	1	0
-73	1_3_32c_525_Ja_Ro	1	1	0
-143	1_3_33c_525_Ja_Ro	2	1	0
-341	1_1_10d_525_Ja_Ar	0	1	0
-383	1_1_11d_525_Ja_Ar	1	1	0
-286	1_1_12d_525_Ja_Ar	2	1	0
-198	1_3_19a_525_Ko_Ja	0	1	0
-146	1_3_20a_525_Ko_Ja	1	1	0
-137	1_3_21a_525_Ko_Ja	2	1	0
-439	1_2_37b_525_Ar_Mi	0	1	0
-483	1_2_38b_525_Ar_Mi	1	1	0
-483	1_2_39b_525_Ar_Mi	2	1	0
-304	1_1_34d_525_Ja_Ro	0	1	0
-272	1_1_35d_525_Ja_Ro	1	1	0
-396	1_1_36d_525_Ja_Ro	2	1	0
-541	1_2_52a_525_Ro_Ja	0	1	0
-576	1_2_53a_525_Ro_Ja	1	1	0
-487	1_2_54a_525_Ro_Ja	2	1	3
-272	1_3_7c_525_Ja_Ar	0	1	0
-137	1_3_8c_525_Ja_Ar	1	1	0
-122	1_3_9c_525_Ja_Ar	2	1	0
-460	1_2_46c_525_Ja_Ko	0	1	0
-557	1_2_47c_525_Ja_Ko	1	1	0
-576	1_2_48c_525_Ja_Ko	2	1	0
-250	1_3_25b_525_Ro_Mi	0	1	0
-80	1_3_26b_525_Ro_Mi	1	1	0
-185	1_3_27b_525_Ro_Mi	2	1	0
-286	1_1_16a_525_Ko_Mi	0	1	0
-305	1_1_17a_525_Ko_Mi	1	1	0
-319	1_1_18a_525_Ko_Mi	2	1	0
-378	1_1_22b_525_Ko_Ja	0	1	0
-307	1_1_23b_525_Ko_Ja	1	1	0
-355	1_1_24b_525_Ko_Ja	2	1	0
-415	1_2_40a_525_Ar_Ja	0	1	0
-474	1_2_41a_525_Ar_Ja	1	1	0
-557	1_2_42a_525_Ar_Ja	2	1	0
-276	1_1_28c_525_Mi_Ro	0	1	0
-299	1_1_29c_525_Mi_Ro	1	1	0
-371	1_1_30c_525_Mi_Ro	2	1	0
-102	1_3_1b_525_Ar_Mi	0	1	0
-150	1_3_2b_525_Ar_Mi	1	1	0
-248	1_3_3b_525_Ar_Mi	2	1	0
-430	1_2_43b_525_Ko_Mi	0	1	0
-631	1_2_45b_525_Ko_Mi	1	1	0
-522	1_2_44b_525_Ko_Mi	2	1	3
677	3_2_49b_525_Ro_Mi	0	2	0
666	3_2_50b_525_Ro_Mi	1	2	0
499	3_2_51b_525_Ro_Mi	2	2	0
947	3_3_1d_525_Mi_Ar	0	2	0
899	3_3_2d_525_Mi_Ar	1	2	0
801	3_3_3d_525_Mi_Ar	2	2	0
867	3_3_15b_525_Ko_Mi	0	2	0
796	3_3_13b_525_Ko_Mi	1	2	0
985	3_3_14b_525_Ko_Mi	2	2	0
709	3_1_10b_525_Ar_Ja	0	2	0
667	3_1_11b_525_Ar_Ja	1	2	0
764	3_1_12b_525_Ar_Ja	2	2	0
612	3_2_37b_525_Ar_Mi	0	2	0
568	3_2_38b_525_Ar_Mi	1	2	0
568	3_2_39b_525_Ar_Mi	2	2	0
672	3_1_22d_525_Ja_Ko	0	2	0
743	3_1_23d_525_Ja_Ko	1	2	0
695	3_1_24d_525_Ja_Ko	2	2	0
591	3_2_46a_525_Ko_Ja	0	2	0
494	3_2_47a_525_Ko_Ja	1	2	0
475	3_2_48a_525_Ko_Ja	2	2	0
636	3_2_40c_525_Ja_Ar	0	2	0
577	3_2_41c_525_Ja_Ar	1	2	0
494	3_2_42c_525_Ja_Ar	2	2	0
621	3_2_43d_525_Mi_Ko	0	2	0
420	3_2_45d_525_Mi_Ko	1	2	0
529	3_2_44d_525_Mi_Ko	2	2	3
746	3_1_34b_525_Ro_Ja	0	2	0
778	3_1_35b_525_Ro_Ja	1	2	0
654	3_1_36b_525_Ro_Ja	2	2	0
764	3_1_16c_525_Mi_Ko	0	2	0
745	3_1_17c_525_Mi_Ko	1	2	0
731	3_1_18c_525_Mi_Ko	2	2	0
697	3_1_4a_525_Ar_Mi	0	2	0
798	3_1_5a_525_Ar_Mi	1	2	0
711	3_1_6a_525_Ar_Mi	2	2	0
774	3_1_28a_525_Ro_Mi	0	2	0
751	3_1_29a_525_Ro_Mi	1	2	0
679	3_1_30a_525_Ro_Mi	2	2	0
853	3_3_19c_525_Ja_Ko	0	2	0
905	3_3_20c_525_Ja_Ko	1	2	0
914	3_3_21c_525_Ja_Ko	2	2	0
779	3_3_7a_525_Ar_Ja	0	2	0
914	3_3_8a_525_Ar_Ja	1	2	0
929	3_3_9a_525_Ar_Ja	2	2	0
913	3_3_31a_525_Ro_Ja	0	2	0
978	3_3_32a_525_Ro_Ja	1	2	0
908	3_3_33a_525_Ro_Ja	2	2	0
801	3_3_25d_525_Mi_Ro	0	2	0
971	3_3_26d_525_Mi_Ro	1	2	0
866	3_3_27d_525_Mi_Ro	2	2	0
510	3_2_52c_525_Ja_Ro	0	2	0
475	3_2_53c_525_Ja_Ro	1	2	0
564	3_2_54c_525_Ja_Ro	2	2	3
-443	1_1_4b_425_Ar_Mi	0	3	0
-392	1_1_5b_425_Ar_Mi	1	3	0
-371	1_1_6b_425_Ar_Mi	2	3	0
-627	1_2_37c_425_Mi_Ar	0	3	0
-585	1_2_38c_425_Mi_Ar	1	3	0
-719	1_2_39c_425_Mi_Ar	2	3	0
-487	1_1_10c_425_Ja_Ar	0	3	0
-495	1_1_11c_425_Ja_Ar	1	3	0
-500	1_1_12c_425_Ja_Ar	2	3	0
-309	1_3_21d_425_Ja_Ko	0	3	0
-262	1_3_19d_425_Ja_Ko	1	3	0
-217	1_3_20d_425_Ja_Ko	2	3	0
-565	1_2_48b_425_Ko_Ja	0	3	0
-437	1_2_46b_425_Ko_Ja	1	3	0
-693	1_2_47b_425_Ko_Ja	2	3	0
-402	1_1_28b_425_Ro_Mi	0	3	0
-398	1_1_29b_425_Ro_Mi	1	3	0
-441	1_1_30b_425_Ro_Mi	2	3	0
-553	1_2_41d_425_Ja_Ar	0	3	0
-813	1_2_42d_425_Ja_Ar	1	3	0
-575	1_2_40d_425_Ja_Ar	2	3	0
-466	1_1_34c_425_Ja_Ro	0	3	0
-466	1_1_35c_425_Ja_Ro	1	3	0
-420	1_1_36c_425_Ja_Ro	2	3	0
-287	1_3_31b_425_Ro_Ja	0	3	0
-471	1_3_32b_425_Ro_Ja	1	3	0
-244	1_3_33b_425_Ro_Ja	2	3	3
-478	1_2_51c_425_Mi_Ro	0	3	0
-610	1_2_49c_425_Mi_Ro	1	3	0
-603	1_2_50c_425_Mi_Ro	2	3	0
-378	1_3_7b_425_Ar_Ja	0	3	0
-294	1_3_8b_425_Ar_Ja	1	3	0
-280	1_3_9b_425_Ar_Ja	2	3	0
-495	1_1_22a_425_Ko_Ja	0	3	0
-449	1_1_23a_425_Ko_Ja	1	3	0
-455	1_1_24a_425_Ko_Ja	2	3	0
-210	1_3_25a_425_Ro_Mi	0	3	0
-257	1_3_26a_425_Ro_Mi	1	3	0
-392	1_3_27a_425_Ro_Mi	2	3	0
-234	1_3_13c_425_Mi_Ko	0	3	0
-237	1_3_14c_425_Mi_Ko	1	3	0
-431	1_3_15c_425_Mi_Ko	2	3	0
-347	1_3_1a_425_Ar_Mi	0	3	0
-368	1_3_2a_425_Ar_Mi	1	3	0
-369	1_3_3a_425_Ar_Mi	2	3	0
-425	1_1_16d_425_Mi_Ko	0	3	0
-459	1_1_17d_425_Mi_Ko	1	3	0
-475	1_1_18d_425_Mi_Ko	2	3	0
-458	1_2_52d_425_Ja_Ro	0	3	0
-712	1_2_54d_425_Ja_Ro	1	3	0
-540	1_2_53d_425_Ja_Ro	2	3	0
-581	1_2_43a_425_Ko_Mi	0	3	0
-603	1_2_44a_425_Ko_Mi	1	3	0
-524	1_2_45a_425_Ko_Mi	2	3	3
407	3_1_4d_425_Mi_Ar	0	4	0
458	3_1_5d_425_Mi_Ar	1	4	0
479	3_1_6d_425_Mi_Ar	2	4	0
224	3_2_37a_425_Ar_Mi	0	4	0
266	3_2_38a_425_Ar_Mi	1	4	0
132	3_2_39a_425_Ar_Mi	2	4	0
504	3_3_1c_425_Mi_Ar	0	4	0
483	3_3_2c_425_Mi_Ar	1	4	0
482	3_3_3c_425_Mi_Ar	2	4	0
617	3_3_13a_425_Ko_Mi	0	4	0
614	3_3_14a_425_Ko_Mi	1	4	0
420	3_3_15a_425_Ko_Mi	2	4	0
425	3_1_16b_425_Ko_Mi	0	4	0
391	3_1_17b_425_Ko_Mi	1	4	0
375	3_1_18b_425_Ko_Mi	2	4	0
363	3_1_10a_425_Ar_Ja	0	4	0
355	3_1_11a_425_Ar_Ja	1	4	0
350	3_1_12a_425_Ar_Ja	2	4	0
448	3_1_28d_425_Mi_Ro	0	4	0
452	3_1_29d_425_Mi_Ro	1	4	0
409	3_1_30d_425_Mi_Ro	2	4	0
542	3_3_21b_425_Ko_Ja	0	4	0
589	3_3_19b_425_Ko_Ja	1	4	0
634	3_3_20b_425_Ko_Ja	2	4	0
298	3_2_41b_425_Ar_Ja	0	4	0
38	3_2_42b_425_Ar_Ja	1	4	0
276	3_2_40b_425_Ar_Ja	2	4	3
641	3_3_25c_425_Mi_Ro	0	4	0
594	3_3_26c_425_Mi_Ro	1	4	0
459	3_3_27c_425_Mi_Ro	2	4	0
564	3_3_31d_425_Ja_Ro	0	4	0
380	3_3_32d_425_Ja_Ro	1	4	0
607	3_3_33d_425_Ja_Ro	2	4	0
286	3_2_48d_425_Ja_Ko	0	4	0
414	3_2_46d_425_Ja_Ko	1	4	0
158	3_2_47d_425_Ja_Ko	2	4	0
648	3_2_52b_425_Ro_Ja	0	4	0
394	3_2_54b_425_Ro_Ja	1	4	0
566	3_2_53b_425_Ro_Ja	2	4	0
384	3_1_34a_425_Ro_Ja	0	4	0
384	3_1_35a_425_Ro_Ja	1	4	0
430	3_1_36a_425_Ro_Ja	2	4	0
355	3_1_22c_425_Ja_Ko	0	4	0
401	3_1_23c_425_Ja_Ko	1	4	0
395	3_1_24c_425_Ja_Ko	2	4	0
473	3_3_7d_425_Ja_Ar	0	4	0
557	3_3_8d_425_Ja_Ar	1	4	0
571	3_3_9d_425_Ja_Ar	2	4	0
373	3_2_51a_425_Ro_Mi	0	4	0
241	3_2_49a_425_Ro_Mi	1	4	0
248	3_2_50a_425_Ro_Mi	2	4	0
270	3_2_43c_425_Mi_Ko	0	4	0
248	3_2_44c_425_Mi_Ko	1	4	0
327	3_2_45c_425_Mi_Ko	2	4	99
