268	3_2_19c_425_Ja_Ko	0	0	0
320	3_2_20c_425_Ja_Ko	1	0	0
329	3_2_21c_425_Ja_Ko	2	0	0
-249	1_3_28c_425_Mi_Ro	0	0	0
-272	1_3_29c_425_Mi_Ro	1	0	0
-344	1_3_30c_425_Mi_Ro	2	0	0
800	3_1_51c_525_Mi_Ro	0	0	0
668	3_1_49c_525_Mi_Ro	1	0	0
675	3_1_50c_525_Mi_Ro	2	0	0
-563	1_2_7d_525_Ja_Ar	0	0	0
-479	1_2_8d_525_Ja_Ar	1	0	0
-465	1_2_9d_525_Ja_Ar	2	0	1
904	3_3_34b_525_Ro_Ja	0	1	0
936	3_3_35b_525_Ro_Ja	1	1	0
812	3_3_36b_525_Ro_Ja	2	1	0
778	3_1_43d_525_Mi_Ko	0	1	0
577	3_1_45d_525_Mi_Ko	1	1	0
686	3_1_44d_525_Mi_Ko	2	1	0
834	3_1_49b_525_Ro_Mi	0	1	0
823	3_1_50b_525_Ro_Mi	1	1	0
656	3_1_51b_525_Ro_Mi	2	1	0
598	3_2_31a_525_Ro_Ja	0	1	0
663	3_2_32a_525_Ro_Ja	1	1	0
593	3_2_33a_525_Ro_Ja	2	1	0
922	3_3_16c_525_Mi_Ko	0	1	0
903	3_3_17c_525_Mi_Ko	1	1	0
889	3_3_18c_525_Mi_Ko	2	1	0
830	3_3_22d_525_Ja_Ko	0	1	0
901	3_3_23d_525_Ja_Ko	1	1	0
853	3_3_24d_525_Ja_Ko	2	1	0
486	3_2_25d_525_Mi_Ro	0	1	0
656	3_2_26d_525_Mi_Ro	1	1	0
551	3_2_27d_525_Mi_Ro	2	1	0
552	3_2_15b_525_Ko_Mi	0	1	0
481	3_2_13b_525_Ko_Mi	1	1	0
670	3_2_14b_525_Ko_Mi	2	1	0
932	3_3_28a_525_Ro_Mi	0	1	0
909	3_3_29a_525_Ro_Mi	1	1	0
837	3_3_30a_525_Ro_Mi	2	1	3
748	3_1_46a_525_Ko_Ja	0	1	0
651	3_1_47a_525_Ko_Ja	1	1	0
632	3_1_48a_525_Ko_Ja	2	1	0
464	3_2_7a_525_Ar_Ja	0	1	0
599	3_2_8a_525_Ar_Ja	1	1	0
614	3_2_9a_525_Ar_Ja	2	1	0
632	3_2_1d_525_Mi_Ar	0	1	0
584	3_2_2d_525_Mi_Ar	1	1	0
486	3_2_3d_525_Mi_Ar	2	1	0
538	3_2_19c_525_Ja_Ko	0	1	0
590	3_2_20c_525_Ja_Ko	1	1	0
599	3_2_21c_525_Ja_Ko	2	1	0
855	3_3_4a_525_Ar_Mi	0	1	0
956	3_3_5a_525_Ar_Mi	1	1	0
869	3_3_6a_525_Ar_Mi	2	1	0
793	3_1_40c_525_Ja_Ar	0	1	0
734	3_1_41c_525_Ja_Ar	1	1	0
651	3_1_42c_525_Ja_Ar	2	1	0
867	3_3_10b_525_Ar_Ja	0	1	0
825	3_3_11b_525_Ar_Ja	1	1	0
922	3_3_12b_525_Ar_Ja	2	1	0
667	3_1_52c_525_Ja_Ro	0	1	0
632	3_1_53c_525_Ja_Ro	1	1	0
721	3_1_54c_525_Ja_Ro	2	1	0
769	3_1_37b_525_Ar_Mi	0	1	0
725	3_1_38b_525_Ar_Mi	1	1	0
725	3_1_39b_525_Ar_Mi	2	1	3
-275	1_3_28b_425_Ro_Mi	0	2	0
-271	1_3_29b_425_Ro_Mi	1	2	0
-314	1_3_30b_425_Ro_Mi	2	2	0
-437	1_1_48b_425_Ko_Ja	0	2	0
-309	1_1_46b_425_Ko_Ja	1	2	0
-565	1_1_47b_425_Ko_Ja	2	2	0
-564	1_2_21d_425_Ja_Ko	0	2	0
-517	1_2_19d_425_Ja_Ko	1	2	0
-472	1_2_20d_425_Ja_Ko	2	2	0
-499	1_1_37c_425_Mi_Ar	0	2	0
-457	1_1_38c_425_Mi_Ar	1	2	0
-591	1_1_39c_425_Mi_Ar	2	2	0
-330	1_1_52d_425_Ja_Ro	0	2	0
-584	1_1_54d_425_Ja_Ro	1	2	0
-412	1_1_53d_425_Ja_Ro	2	2	0
-489	1_2_13c_425_Mi_Ko	0	2	0
-492	1_2_14c_425_Mi_Ko	1	2	0
-686	1_2_15c_425_Mi_Ko	2	2	0
-360	1_3_10c_425_Ja_Ar	0	2	0
-368	1_3_11c_425_Ja_Ar	1	2	0
-373	1_3_12c_425_Ja_Ar	2	2	0
-453	1_1_43a_425_Ko_Mi	0	2	0
-475	1_1_44a_425_Ko_Mi	1	2	0
-396	1_1_45a_425_Ko_Mi	2	2	0
-350	1_1_51c_425_Mi_Ro	0	2	0
-482	1_1_49c_425_Mi_Ro	1	2	0
-475	1_1_50c_425_Mi_Ro	2	2	3
-542	1_2_31b_425_Ro_Ja	0	2	0
-726	1_2_32b_425_Ro_Ja	1	2	0
-499	1_2_33b_425_Ro_Ja	2	2	0
-316	1_3_4b_425_Ar_Mi	0	2	0
-265	1_3_5b_425_Ar_Mi	1	2	0
-244	1_3_6b_425_Ar_Mi	2	2	0
-633	1_2_7b_425_Ar_Ja	0	2	0
-549	1_2_8b_425_Ar_Ja	1	2	0
-535	1_2_9b_425_Ar_Ja	2	2	0
-602	1_2_1a_425_Ar_Mi	0	2	0
-623	1_2_2a_425_Ar_Mi	1	2	0
-624	1_2_3a_425_Ar_Mi	2	2	0
-339	1_3_34c_425_Ja_Ro	0	2	0
-339	1_3_35c_425_Ja_Ro	1	2	0
-293	1_3_36c_425_Ja_Ro	2	2	0
-465	1_2_25a_425_Ro_Mi	0	2	0
-512	1_2_26a_425_Ro_Mi	1	2	0
-647	1_2_27a_425_Ro_Mi	2	2	0
-368	1_3_22a_425_Ko_Ja	0	2	0
-322	1_3_23a_425_Ko_Ja	1	2	0
-328	1_3_24a_425_Ko_Ja	2	2	0
-425	1_1_41d_425_Ja_Ar	0	2	0
-685	1_1_42d_425_Ja_Ar	1	2	0
-447	1_1_40d_425_Ja_Ar	2	2	0
-298	1_3_16d_425_Mi_Ko	0	2	0
-332	1_3_17d_425_Mi_Ko	1	2	0
-348	1_3_18d_425_Mi_Ko	2	2	3
535	3_3_4d_425_Mi_Ar	0	3	0
586	3_3_5d_425_Mi_Ar	1	3	0
607	3_3_6d_425_Mi_Ar	2	3	0
362	3_2_13a_425_Ko_Mi	0	3	0
359	3_2_14a_425_Ko_Mi	1	3	0
165	3_2_15a_425_Ko_Mi	2	3	0
491	3_3_10a_425_Ar_Ja	0	3	0
483	3_3_11a_425_Ar_Ja	1	3	0
478	3_3_12a_425_Ar_Ja	2	3	0
520	3_1_52b_425_Ro_Ja	0	3	0
266	3_1_54b_425_Ro_Ja	1	3	0
438	3_1_53b_425_Ro_Ja	2	3	0
413	3_1_48d_425_Ja_Ko	0	3	0
541	3_1_46d_425_Ja_Ko	1	3	0
285	3_1_47d_425_Ja_Ko	2	3	0
287	3_2_21b_425_Ko_Ja	0	3	0
334	3_2_19b_425_Ko_Ja	1	3	0
379	3_2_20b_425_Ko_Ja	2	3	0
397	3_1_43c_425_Mi_Ko	0	3	0
375	3_1_44c_425_Mi_Ko	1	3	0
454	3_1_45c_425_Mi_Ko	2	3	0
500	3_1_51a_425_Ro_Mi	0	3	0
368	3_1_49a_425_Ro_Mi	1	3	0
375	3_1_50a_425_Ro_Mi	2	3	0
576	3_3_28d_425_Mi_Ro	0	3	0
580	3_3_29d_425_Mi_Ro	1	3	0
537	3_3_30d_425_Mi_Ro	2	3	3
425	3_1_41b_425_Ar_Ja	0	3	0
165	3_1_42b_425_Ar_Ja	1	3	0
403	3_1_40b_425_Ar_Ja	2	3	0
386	3_2_25c_425_Mi_Ro	0	3	0
339	3_2_26c_425_Mi_Ro	1	3	0
204	3_2_27c_425_Mi_Ro	2	3	0
249	3_2_1c_425_Mi_Ar	0	3	0
228	3_2_2c_425_Mi_Ar	1	3	0
227	3_2_3c_425_Mi_Ar	2	3	0
512	3_3_34a_425_Ro_Ja	0	3	0
512	3_3_35a_425_Ro_Ja	1	3	0
558	3_3_36a_425_Ro_Ja	2	3	0
218	3_2_7d_425_Ja_Ar	0	3	0
302	3_2_8d_425_Ja_Ar	1	3	0
316	3_2_9d_425_Ja_Ar	2	3	0
483	3_3_22c_425_Ja_Ko	0	3	0
529	3_3_23c_425_Ja_Ko	1	3	0
523	3_3_24c_425_Ja_Ko	2	3	0
351	3_1_37a_425_Ar_Mi	0	3	0
393	3_1_38a_425_Ar_Mi	1	3	0
259	3_1_39a_425_Ar_Mi	2	3	0
553	3_3_16b_425_Ko_Mi	0	3	0
519	3_3_17b_425_Ko_Mi	1	3	0
503	3_3_18b_425_Ko_Mi	2	3	0
309	3_2_31d_425_Ja_Ro	0	3	0
125	3_2_32d_425_Ja_Ro	1	3	0
352	3_2_33d_425_Ja_Ro	2	3	3
-147	1_3_34d_525_Ja_Ro	0	4	0
-115	1_3_35d_525_Ja_Ro	1	4	0
-239	1_3_36d_525_Ja_Ro	2	4	0
-272	1_1_43b_525_Ko_Mi	0	4	0
-473	1_1_45b_525_Ko_Mi	1	4	0
-364	1_1_44b_525_Ko_Mi	2	4	0
-511	1_2_4c_525_Mi_Ar	0	4	0
-410	1_2_5c_525_Mi_Ar	1	4	0
-497	1_2_6c_525_Mi_Ar	2	4	0
-587	1_2_7c_525_Ja_Ar	0	4	0
-452	1_2_8c_525_Ja_Ar	1	4	0
-437	1_2_9c_525_Ja_Ar	2	4	0
-513	1_2_19a_525_Ko_Ja	0	4	0
-461	1_2_20a_525_Ko_Ja	1	4	0
-452	1_2_21a_525_Ko_Ja	2	4	0
-417	1_2_1b_525_Ar_Mi	0	4	0
-465	1_2_2b_525_Ar_Mi	1	4	0
-563	1_2_3b_525_Ar_Mi	2	4	0
-129	1_3_16a_525_Ko_Mi	0	4	0
-148	1_3_17a_525_Ko_Mi	1	4	0
-162	1_3_18a_525_Ko_Mi	2	4	0
-257	1_1_40a_525_Ar_Ja	0	4	0
-316	1_1_41a_525_Ar_Ja	1	4	0
-399	1_1_42a_525_Ar_Ja	2	4	0
-302	1_1_46c_525_Ja_Ko	0	4	0
-399	1_1_47c_525_Ja_Ko	1	4	0
-418	1_1_48c_525_Ja_Ko	2	4	3
-281	1_1_37b_525_Ar_Mi	0	4	0
-325	1_1_38b_525_Ar_Mi	1	4	0
-325	1_1_39b_525_Ar_Mi	2	4	0
-453	1_2_31c_525_Ja_Ro	0	4	0
-388	1_2_32c_525_Ja_Ro	1	4	0
-458	1_2_33c_525_Ja_Ro	2	4	0
-565	1_2_25b_525_Ro_Mi	0	4	0
-395	1_2_26b_525_Ro_Mi	1	4	0
-500	1_2_27b_525_Ro_Mi	2	4	0
-216	1_1_49d_525_Mi_Ro	0	4	0
-227	1_1_50d_525_Mi_Ro	1	4	0
-394	1_1_51d_525_Mi_Ro	2	4	0
-184	1_3_10d_525_Ja_Ar	0	4	0
-226	1_3_11d_525_Ja_Ar	1	4	0
-129	1_3_12d_525_Ja_Ar	2	4	0
-499	1_2_15d_525_Mi_Ko	0	4	0
-570	1_2_13d_525_Mi_Ko	1	4	0
-381	1_2_14d_525_Mi_Ko	2	4	0
-383	1_1_52a_525_Ro_Ja	0	4	0
-418	1_1_53a_525_Ro_Ja	1	4	0
-329	1_1_54a_525_Ro_Ja	2	4	0
-119	1_3_28c_525_Mi_Ro	0	4	0
-142	1_3_29c_525_Mi_Ro	1	4	0
-214	1_3_30c_525_Mi_Ro	2	4	0
-221	1_3_22b_525_Ko_Ja	0	4	0
-150	1_3_23b_525_Ko_Ja	1	4	0
-198	1_3_24b_525_Ko_Ja	2	4	99
