-553	1_2_22c_525_Ja_Ko.wav	0	0	0	10	18	50	58	70	78
-507	1_2_23c_525_Ja_Ko.wav	1	0	0	10	18	50	58	70	78
-513	1_2_24c_525_Ja_Ko.wav	2	0	0	10	18	50	58	70	78
347	3_2_28a_425_Ro_Mi.wav	0	0	0	0	100	20	25	30	35
324	3_2_29a_425_Ro_Mi.wav	1	0	0	11	15	20	25	30	35
252	3_2_30a_425_Ro_Mi.wav	2	0	0	11	15	20	25	30	35
-532	1_2_34d_425_Ja_Ro.wav	0	0	0	12	15	20	25	30	35
-500	1_2_35d_425_Ja_Ro.wav	1	0	0	12	15	20	25	30	35
-624	1_2_36d_425_Ja_Ro.wav	2	0	0	12	15	20	25	30	35
551	3_2_4b_525_Ar_Mi.wav	0	0	0	13	15	20	25	30	35
601	3_2_5b_525_Ar_Mi.wav	1	0	0	13	15	20	25	30	35
622	3_2_6b_525_Ar_Mi.wav	2	0	1	13	15	20	25	30	35
-530	1_2_28b_425_Ro_Mi.wav	0	1	0	14	15	20	25	30	35
-526	1_2_29b_425_Ro_Mi.wav	1	1	0	14	15	20	25	30	35
-569	1_2_30b_425_Ro_Mi.wav	2	1	0	14	15	20	25	30	35
-553	1_2_16d_425_Mi_Ko.wav	0	1	0	15	15	20	25	30	35
-587	1_2_17d_425_Mi_Ko.wav	1	1	0	15	15	20	25	30	35
-603	1_2_18d_425_Mi_Ko.wav	2	1	0	15	15	20	25	30	35
-298	1_3_41d_425_Ja_Ar.wav	0	1	0	16	15	20	25	30	35
-558	1_3_42d_425_Ja_Ar.wav	1	1	0	16	15	20	25	30	35
-320	1_3_40d_425_Ja_Ar.wav	2	1	0	16	15	20	25	30	35
-372	1_3_37c_425_Mi_Ar.wav	0	1	0	17	15	20	25	30	35
-330	1_3_38c_425_Mi_Ar.wav	1	1	0	17	15	20	25	30	35
-464	1_3_39c_425_Mi_Ar.wav	2	1	0	17	15	20	25	30	35
-310	1_3_48b_425_Ko_Ja.wav	0	1	0	18	15	20	25	30	35
-182	1_3_46b_425_Ko_Ja.wav	1	1	0	18	15	20	25	30	35
-438	1_3_47b_425_Ko_Ja.wav	2	1	0	18	15	20	25	30	35
-436	1_1_21d_425_Ja_Ko.wav	0	1	0	19	15	20	25	30	35
-389	1_1_19d_425_Ja_Ko.wav	1	1	0	19	15	20	25	30	35
-344	1_1_20d_425_Ja_Ko.wav	2	1	0	19	15	20	25	30	35
-203	1_3_52d_425_Ja_Ro.wav	0	1	0	20	15	20	25	30	35
-457	1_3_54d_425_Ja_Ro.wav	1	1	0	20	15	20	25	30	35
-285	1_3_53d_425_Ja_Ro.wav	2	1	0	20	15	20	25	30	35
-337	1_1_25a_425_Ro_Mi.wav	0	1	0	21	15	20	25	30	35
-384	1_1_26a_425_Ro_Mi.wav	1	1	0	21	15	20	25	30	35
-519	1_1_27a_425_Ro_Mi.wav	2	1	0	21	15	20	25	30	35
-594	1_2_34c_425_Ja_Ro.wav	0	1	0	22	15	20	25	30	35
-594	1_2_35c_425_Ja_Ro.wav	1	1	0	22	15	20	25	30	35
-548	1_2_36c_425_Ja_Ro.wav	2	1	3	22	15	20	25	30	35
-414	1_1_31b_425_Ro_Ja.wav	0	1	0	23	15	20	25	30	35
-598	1_1_32b_425_Ro_Ja.wav	1	1	0	23	15	20	25	30	35
-371	1_1_33b_425_Ro_Ja.wav	2	1	0	23	15	20	25	30	35
-615	1_2_10c_425_Ja_Ar.wav	0	1	0	24	15	20	25	30	35
-623	1_2_11c_425_Ja_Ar.wav	1	1	0	24	15	20	25	30	35
-628	1_2_12c_425_Ja_Ar.wav	2	1	0	24	15	20	25	30	35
-326	1_3_43a_425_Ko_Mi.wav	0	1	0	25	15	20	25	30	35
-348	1_3_44a_425_Ko_Mi.wav	1	1	0	25	15	20	25	30	35
-269	1_3_45a_425_Ko_Mi.wav	2	1	0	25	15	20	25	30	35
-474	1_1_1a_425_Ar_Mi.wav	0	1	0	26	15	20	25	30	35
-495	1_1_2a_425_Ar_Mi.wav	1	1	0	26	15	20	25	30	35
-496	1_1_3a_425_Ar_Mi.wav	2	1	0	26	15	20	25	30	35
-571	1_2_4b_425_Ar_Mi.wav	0	1	0	27	15	20	25	30	35
-520	1_2_5b_425_Ar_Mi.wav	1	1	0	27	15	20	25	30	35
-499	1_2_6b_425_Ar_Mi.wav	2	1	0	27	15	20	25	30	35
-623	1_2_22a_425_Ko_Ja.wav	0	1	0	28	15	20	25	30	35
-577	1_2_23a_425_Ko_Ja.wav	1	1	0	28	15	20	25	30	35
-583	1_2_24a_425_Ko_Ja.wav	2	1	0	28	15	20	25	30	35
-505	1_1_7b_425_Ar_Ja.wav	0	1	0	29	15	20	25	30	35
-421	1_1_8b_425_Ar_Ja.wav	1	1	0	29	15	20	25	30	35
-407	1_1_9b_425_Ar_Ja.wav	2	1	0	29	15	20	25	30	35
-361	1_1_13c_425_Mi_Ko.wav	0	1	0	30	15	20	25	30	35
-364	1_1_14c_425_Mi_Ko.wav	1	1	0	30	15	20	25	30	35
-558	1_1_15c_425_Mi_Ko.wav	2	1	0	30	15	20	25	30	35
-223	1_3_51c_425_Mi_Ro.wav	0	1	0	31	15	20	25	30	35
-355	1_3_49c_425_Mi_Ro.wav	1	1	0	31	15	20	25	30	35
-348	1_3_50c_425_Mi_Ro.wav	2	1	3	31	15	20	25	30	35
414	3_1_21b_425_Ko_Ja.wav	0	2	0	32	15	20	25	30	35
461	3_1_19b_425_Ko_Ja.wav	1	2	0	32	15	20	25	30	35
506	3_1_20b_425_Ko_Ja.wav	2	2	0	32	15	20	25	30	35
479	3_3_37a_425_Ar_Mi.wav	0	2	0	33	15	20	25	30	35
521	3_3_38a_425_Ar_Mi.wav	1	2	0	33	15	20	25	30	35
387	3_3_39a_425_Ar_Mi.wav	2	2	0	33	15	20	25	30	35
553	3_3_41b_425_Ar_Ja.wav	0	2	0	34	15	20	25	30	35
293	3_3_42b_425_Ar_Ja.wav	1	2	0	34	15	20	25	30	35
531	3_3_40b_425_Ar_Ja.wav	2	2	0	34	15	20	25	30	35
257	3_2_34a_425_Ro_Ja.wav	0	2	0	35	15	20	25	30	35
257	3_2_35a_425_Ro_Ja.wav	1	2	0	35	15	20	25	30	35
303	3_2_36a_425_Ro_Ja.wav	2	2	0	35	15	20	25	30	35
648	3_3_52b_425_Ro_Ja.wav	0	2	0	36	15	20	25	30	35
394	3_3_54b_425_Ro_Ja.wav	1	2	0	36	15	20	25	30	35
566	3_3_53b_425_Ro_Ja.wav	2	2	0	36	15	20	25	30	35
376	3_1_1c_425_Mi_Ar.wav	0	2	0	37	15	20	25	30	35
355	3_1_2c_425_Mi_Ar.wav	1	2	0	37	15	20	25	30	35
354	3_1_3c_425_Mi_Ar.wav	2	2	0	37	15	20	25	30	35
489	3_1_13a_425_Ko_Mi.wav	0	2	0	38	15	20	25	30	35
486	3_1_14a_425_Ko_Mi.wav	1	2	0	38	15	20	25	30	35
292	3_1_15a_425_Ko_Mi.wav	2	2	0	38	15	20	25	30	35
228	3_2_22c_425_Ja_Ko.wav	0	2	0	39	15	20	25	30	35
274	3_2_23c_425_Ja_Ko.wav	1	2	0	39	15	20	25	30	35
268	3_2_24c_425_Ja_Ko.wav	2	2	0	39	15	20	25	30	35
298	3_2_16b_425_Ko_Mi.wav	0	2	0	40	15	20	25	30	35
264	3_2_17b_425_Ko_Mi.wav	1	2	0	40	15	20	25	30	35
248	3_2_18b_425_Ko_Mi.wav	2	2	3	40	15	20	25	30	35
513	3_1_25c_425_Mi_Ro.wav	0	2	0	41	15	20	25	30	35
466	3_1_26c_425_Mi_Ro.wav	1	2	0	41	15	20	25	30	35
331	3_1_27c_425_Mi_Ro.wav	2	2	0	41	15	20	25	30	35
541	3_3_48d_425_Ja_Ko.wav	0	2	0	42	15	20	25	30	35
669	3_3_46d_425_Ja_Ko.wav	1	2	0	42	15	20	25	30	35
413	3_3_47d_425_Ja_Ko.wav	2	2	0	42	15	20	25	30	35
345	3_1_7d_425_Ja_Ar.wav	0	2	0	43	15	20	25	30	35
429	3_1_8d_425_Ja_Ar.wav	1	2	0	43	15	20	25	30	35
443	3_1_9d_425_Ja_Ar.wav	2	2	0	43	15	20	25	30	35
628	3_3_51a_425_Ro_Mi.wav	0	2	0	44	15	20	25	30	35
496	3_3_49a_425_Ro_Mi.wav	1	2	0	44	15	20	25	30	35
503	3_3_50a_425_Ro_Mi.wav	2	2	0	44	15	20	25	30	35
436	3_1_31d_425_Ja_Ro.wav	0	2	0	45	15	20	25	30	35
252	3_1_32d_425_Ja_Ro.wav	1	2	0	45	15	20	25	30	35
479	3_1_33d_425_Ja_Ro.wav	2	2	0	45	15	20	25	30	35
236	3_2_10a_425_Ar_Ja.wav	0	2	0	46	15	20	25	30	35
228	3_2_11a_425_Ar_Ja.wav	1	2	0	46	15	20	25	30	35
223	3_2_12a_425_Ar_Ja.wav	2	2	0	46	15	20	25	30	35
280	3_2_4d_425_Mi_Ar.wav	0	2	0	47	15	20	25	30	35
331	3_2_5d_425_Mi_Ar.wav	1	2	0	47	15	20	25	30	35
352	3_2_6d_425_Mi_Ar.wav	2	2	0	47	15	20	25	30	35
321	3_2_28d_425_Mi_Ro.wav	0	2	0	48	15	20	25	30	35
325	3_2_29d_425_Mi_Ro.wav	1	2	0	48	15	20	25	30	35
282	3_2_30d_425_Mi_Ro.wav	2	2	0	48	15	20	25	30	35
525	3_3_43c_425_Mi_Ko.wav	0	2	0	49	15	20	25	30	35
503	3_3_44c_425_Mi_Ko.wav	1	2	0	49	15	20	25	30	35
582	3_3_45c_425_Mi_Ko.wav	2	2	3	49	15	20	25	30	35
-341	1_1_15d_525_Mi_Ko.wav	0	3	0	50	15	20	25	30	35
-412	1_1_13d_525_Mi_Ko.wav	1	3	0	50	15	20	25	30	35
-223	1_1_14d_525_Mi_Ko.wav	2	3	0	50	15	20	25	30	35
-499	1_2_10d_525_Ja_Ar.wav	0	3	0	51	15	20	25	30	35
-541	1_2_11d_525_Ja_Ar.wav	1	3	0	51	15	20	25	30	35
-444	1_2_12d_525_Ja_Ar.wav	2	3	0	51	15	20	25	30	35
-429	1_1_7c_525_Ja_Ar.wav	0	3	0	52	15	20	25	30	35
-294	1_1_8c_525_Ja_Ar.wav	1	3	0	52	15	20	25	30	35
-279	1_1_9c_525_Ja_Ar.wav	2	3	0	52	15	20	25	30	35
-59	1_3_49d_525_Mi_Ro.wav	0	3	0	53	15	20	25	30	35
-70	1_3_50d_525_Mi_Ro.wav	1	3	0	53	15	20	25	30	35
-237	1_3_51d_525_Mi_Ro.wav	2	3	0	53	15	20	25	30	35
-355	1_1_19a_525_Ko_Ja.wav	0	3	0	54	15	20	25	30	35
-303	1_1_20a_525_Ko_Ja.wav	1	3	0	54	15	20	25	30	35
-294	1_1_21a_525_Ko_Ja.wav	2	3	0	54	15	20	25	30	35
-145	1_3_46c_525_Ja_Ko.wav	0	3	0	55	15	20	25	30	35
-242	1_3_47c_525_Ja_Ko.wav	1	3	0	55	15	20	25	30	35
-261	1_3_48c_525_Ja_Ko.wav	2	3	0	55	15	20	25	30	35
-434	1_2_28c_525_Mi_Ro.wav	0	3	0	56	15	20	25	30	35
-457	1_2_29c_525_Mi_Ro.wav	1	3	0	56	15	20	25	30	35
-529	1_2_30c_525_Mi_Ro.wav	2	3	0	56	15	20	25	30	35
-115	1_3_43b_525_Ko_Mi.wav	0	3	0	57	15	20	25	30	35
-316	1_3_45b_525_Ko_Mi.wav	1	3	0	57	15	20	25	30	35
-207	1_3_44b_525_Ko_Mi.wav	2	3	0	57	15	20	25	30	35
-462	1_2_34d_525_Ja_Ro.wav	0	3	0	58	15	20	25	30	35
-430	1_2_35d_525_Ja_Ro.wav	1	3	0	58	15	20	25	30	35
-554	1_2_36d_525_Ja_Ro.wav	2	3	3	58	15	20	25	30	35
-196	1_3_4c_525_Mi_Ar.wav	0	3	0	59	15	20	25	30	35
-95	1_3_5c_525_Mi_Ar.wav	1	3	0	59	15	20	25	30	35
-182	1_3_6c_525_Mi_Ar.wav	2	3	0	59	15	20	25	30	35
-295	1_1_31c_525_Ja_Ro.wav	0	3	0	60	15	20	25	30	35
-230	1_1_32c_525_Ja_Ro.wav	1	3	0	60	15	20	25	30	35
-300	1_1_33c_525_Ja_Ro.wav	2	3	0	60	15	20	25	30	35
-444	1_2_16a_525_Ko_Mi.wav	0	3	0	61	15	20	25	30	35
-463	1_2_17a_525_Ko_Mi.wav	1	3	0	61	15	20	25	30	35
-477	1_2_18a_525_Ko_Mi.wav	2	3	0	61	15	20	25	30	35
-100	1_3_40a_525_Ar_Ja.wav	0	3	0	62	15	20	25	30	35
-159	1_3_41a_525_Ar_Ja.wav	1	3	0	62	15	20	25	30	35
-242	1_3_42a_525_Ar_Ja.wav	2	3	0	62	15	20	25	30	35
-124	1_3_37b_525_Ar_Mi.wav	0	3	0	63	15	20	25	30	35
-168	1_3_38b_525_Ar_Mi.wav	1	3	0	63	15	20	25	30	35
-168	1_3_39b_525_Ar_Mi.wav	2	3	0	63	15	20	25	30	35
-226	1_3_52a_525_Ro_Ja.wav	0	3	0	64	15	20	25	30	35
-261	1_3_53a_525_Ro_Ja.wav	1	3	0	64	15	20	25	30	35
-172	1_3_54a_525_Ro_Ja.wav	2	3	0	64	15	20	25	30	35
-407	1_1_25b_525_Ro_Mi.wav	0	3	0	65	15	20	25	30	35
-237	1_1_26b_525_Ro_Mi.wav	1	3	0	65	15	20	25	30	35
-342	1_1_27b_525_Ro_Mi.wav	2	3	0	65	15	20	25	30	35
-260	1_1_1b_525_Ar_Mi.wav	0	3	0	66	15	20	25	30	35
-308	1_1_2b_525_Ar_Mi.wav	1	3	0	66	15	20	25	30	35
-406	1_1_3b_525_Ar_Mi.wav	2	3	0	66	15	20	25	30	35
-536	1_2_22b_525_Ko_Ja.wav	0	3	0	67	15	20	25	30	35
-465	1_2_23b_525_Ko_Ja.wav	1	3	0	67	15	20	25	30	35
-513	1_2_24b_525_Ko_Ja.wav	2	3	3	67	15	20	25	30	35
709	3_1_15b_525_Ko_Mi.wav	0	4	0	68	15	20	25	30	35
638	3_1_13b_525_Ko_Mi.wav	1	4	0	68	15	20	25	30	35
827	3_1_14b_525_Ko_Mi.wav	2	4	0	68	15	20	25	30	35
643	3_1_25d_525_Mi_Ro.wav	0	4	0	69	15	20	25	30	35
813	3_1_26d_525_Mi_Ro.wav	1	4	0	69	15	20	25	30	35
708	3_1_27d_525_Mi_Ro.wav	2	4	0	69	15	20	25	30	35
927	3_3_37b_525_Ar_Mi.wav	0	4	0	70	15	20	25	30	35
883	3_3_38b_525_Ar_Mi.wav	1	4	0	70	15	20	25	30	35
883	3_3_39b_525_Ar_Mi.wav	2	4	0	70	15	20	25	30	35
790	3_1_1d_525_Mi_Ar.wav	0	4	0	71	15	20	25	30	35
742	3_1_2d_525_Mi_Ar.wav	1	4	0	71	15	20	25	30	35
644	3_1_3d_525_Mi_Ar.wav	2	4	0	71	15	20	25	30	35
755	3_1_31a_525_Ro_Ja.wav	0	4	0	72	15	20	25	30	35
820	3_1_32a_525_Ro_Ja.wav	1	4	0	72	15	20	25	30	35
750	3_1_33a_525_Ro_Ja.wav	2	4	0	72	15	20	25	30	35
936	3_3_43d_525_Mi_Ko.wav	0	4	0	73	15	20	25	30	35
735	3_3_45d_525_Mi_Ko.wav	1	4	0	73	15	20	25	30	35
844	3_3_44d_525_Mi_Ko.wav	2	4	0	73	15	20	25	30	35
906	3_3_46a_525_Ko_Ja.wav	0	4	0	74	15	20	25	30	35
809	3_3_47a_525_Ko_Ja.wav	1	4	0	74	15	20	25	30	35
790	3_3_48a_525_Ko_Ja.wav	2	4	0	74	15	20	25	30	35
607	3_2_16c_525_Mi_Ko.wav	0	4	0	75	15	20	25	30	35
588	3_2_17c_525_Mi_Ko.wav	1	4	0	75	15	20	25	30	35
574	3_2_18c_525_Mi_Ko.wav	2	4	0	75	15	20	25	30	35
617	3_2_28a_525_Ro_Mi.wav	0	4	0	76	15	20	25	30	35
594	3_2_29a_525_Ro_Mi.wav	1	4	0	76	15	20	25	30	35
522	3_2_30a_525_Ro_Mi.wav	2	4	3	76	15	20	25	30	35
992	3_3_49b_525_Ro_Mi.wav	0	4	0	77	15	20	25	30	35
981	3_3_50b_525_Ro_Mi.wav	1	4	0	77	15	20	25	30	35
814	3_3_51b_525_Ro_Mi.wav	2	4	0	77	15	20	25	30	35
589	3_2_34b_525_Ro_Ja.wav	0	4	0	78	15	20	25	30	35
621	3_2_35b_525_Ro_Ja.wav	1	4	0	78	15	20	25	30	35
497	3_2_36b_525_Ro_Ja.wav	2	4	0	78	15	20	25	30	35
621	3_1_7a_525_Ar_Ja.wav	0	4	0	79	15	20	25	30	35
756	3_1_8a_525_Ar_Ja.wav	1	4	0	79	15	20	25	30	35
771	3_1_9a_525_Ar_Ja.wav	2	4	0	79	15	20	25	30	35
540	3_2_4a_525_Ar_Mi.wav	0	4	0	80	15	20	25	30	35
641	3_2_5a_525_Ar_Mi.wav	1	4	0	80	15	20	25	30	35
554	3_2_6a_525_Ar_Mi.wav	2	4	0	80	15	20	25	30	35
552	3_2_10b_525_Ar_Ja.wav	0	4	0	81	15	20	25	30	35
510	3_2_11b_525_Ar_Ja.wav	1	4	0	81	15	20	25	30	35
607	3_2_12b_525_Ar_Ja.wav	2	4	0	81	15	20	25	30	35
951	3_3_40c_525_Ja_Ar.wav	0	4	0	82	15	20	25	30	35
892	3_3_41c_525_Ja_Ar.wav	1	4	0	82	15	20	25	30	35
809	3_3_42c_525_Ja_Ar.wav	2	4	0	82	15	20	25	30	35
515	3_2_22d_525_Ja_Ko.wav	0	4	0	83	15	20	25	30	35
586	3_2_23d_525_Ja_Ko.wav	1	4	0	83	15	20	25	30	35
538	3_2_24d_525_Ja_Ko.wav	2	4	0	83	15	20	25	30	35
695	3_1_19c_525_Ja_Ko.wav	0	4	0	84	15	20	25	30	35
747	3_1_20c_525_Ja_Ko.wav	1	4	0	84	15	20	25	30	35
756	3_1_21c_525_Ja_Ko.wav	2	4	0	84	15	20	25	30	35
825	3_3_52c_525_Ja_Ro.wav	0	4	0	85	15	20	25	30	35
790	3_3_53c_525_Ja_Ro.wav	1	4	0	85	15	20	25	30	35
879	3_3_54c_525_Ja_Ro.wav	2	4	99	85	15	20	25	30	35
