-425	1_1_41b_425_Ar_Ja	0	0	0
-685	1_1_42b_425_Ar_Ja	1	0	0
-447	1_1_40b_425_Ar_Ja	2	0	0
-383	1_1_52c_525_Ja_Ro	0	0	0
-418	1_1_53c_525_Ja_Ro	1	0	0
-329	1_1_54c_525_Ja_Ro	2	0	0
309	3_2_31b_425_Ro_Ja	0	0	0
125	3_2_32b_425_Ro_Ja	1	0	0
352	3_2_33b_425_Ro_Ja	2	0	0
830	3_3_22b_525_Ko_Ja	0	0	0
901	3_3_23b_525_Ko_Ja	1	0	0
853	3_3_24b_525_Ko_Ja	2	0	1
268	3_2_19c_425_Ja_Ko	0	1	0
320	3_2_20c_425_Ja_Ko	1	1	0
329	3_2_21c_425_Ja_Ko	2	1	0
367	3_1_52c_425_Ja_Ro	0	1	0
265	3_1_53c_425_Ja_Ro	1	1	0
421	3_1_54c_425_Ja_Ro	2	1	0
537	3_3_10b_425_Ar_Ja	0	1	0
495	3_3_11b_425_Ar_Ja	1	1	0
592	3_3_12b_425_Ar_Ja	2	1	0
328	3_2_31a_425_Ro_Ja	0	1	0
379	3_2_32a_425_Ro_Ja	1	1	0
323	3_2_33a_425_Ro_Ja	2	1	0
574	3_3_34b_425_Ro_Ja	0	1	0
606	3_3_35b_425_Ro_Ja	1	1	0
482	3_3_36b_425_Ro_Ja	2	1	0
525	3_3_4a_425_Ar_Mi	0	1	0
626	3_3_5a_425_Ar_Mi	1	1	0
539	3_3_6a_425_Ar_Mi	2	1	0
445	3_1_40c_425_Ja_Ar	0	1	0
434	3_1_41c_425_Ja_Ar	1	1	0
351	3_1_42c_425_Ja_Ar	2	1	0
469	3_1_37b_425_Ar_Mi	0	1	0
425	3_1_38b_425_Ar_Mi	1	1	0
425	3_1_39b_425_Ar_Mi	2	1	0
500	3_3_22d_425_Ja_Ko	0	1	0
571	3_3_23d_425_Ja_Ko	1	1	0
523	3_3_24d_425_Ja_Ko	2	1	3
602	3_3_28a_425_Ro_Mi	0	1	0
579	3_3_29a_425_Ro_Mi	1	1	0
507	3_3_30a_425_Ro_Mi	2	1	0
194	3_2_7a_425_Ar_Ja	0	1	0
329	3_2_8a_425_Ar_Ja	1	1	0
344	3_2_9a_425_Ar_Ja	2	1	0
592	3_3_16c_425_Mi_Ko	0	1	0
573	3_3_17c_425_Mi_Ko	1	1	0
559	3_3_18c_425_Mi_Ko	2	1	0
282	3_2_15b_425_Ko_Mi	0	1	0
211	3_2_13b_425_Ko_Mi	1	1	0
400	3_2_14b_425_Ko_Mi	2	1	0
486	3_1_46a_425_Ko_Ja	0	1	0
365	3_1_47a_425_Ko_Ja	1	1	0
332	3_1_48a_425_Ko_Ja	2	1	0
478	3_1_43d_425_Mi_Ko	0	1	0
277	3_1_45d_425_Mi_Ko	1	1	0
386	3_1_44d_425_Mi_Ko	2	1	0
363	3_2_1d_425_Mi_Ar	0	1	0
315	3_2_2d_425_Mi_Ar	1	1	0
217	3_2_3d_425_Mi_Ar	2	1	0
548	3_1_49b_425_Ro_Mi	0	1	0
482	3_1_50b_425_Ro_Mi	1	1	0
356	3_1_51b_425_Ro_Mi	2	1	0
216	3_2_25d_425_Mi_Ro	0	1	0
386	3_2_26d_425_Mi_Ro	1	1	0
281	3_2_27d_425_Mi_Ro	2	1	3
-249	1_3_28c_425_Mi_Ro	0	2	0
-272	1_3_29c_425_Mi_Ro	1	2	0
-344	1_3_30c_425_Mi_Ro	2	2	0
-314	1_3_10d_425_Ja_Ar	0	2	0
-356	1_3_11d_425_Ja_Ar	1	2	0
-259	1_3_12d_425_Ja_Ar	2	2	0
-583	1_2_19a_425_Ko_Ja	0	2	0
-531	1_2_20a_425_Ko_Ja	1	2	0
-522	1_2_21a_425_Ko_Ja	2	2	0
-569	1_2_15d_425_Mi_Ko	0	2	0
-640	1_2_13d_425_Mi_Ko	1	2	0
-451	1_2_14d_425_Mi_Ko	2	2	0
-326	1_3_4c_425_Mi_Ar	0	2	0
-225	1_3_5c_425_Mi_Ar	1	2	0
-312	1_3_6c_425_Mi_Ar	2	2	0
-372	1_1_43b_425_Ko_Mi	0	2	0
-573	1_1_45b_425_Ko_Mi	1	2	0
-464	1_1_44b_425_Ko_Mi	2	2	0
-523	1_2_31c_425_Ja_Ro	0	2	0
-472	1_2_32c_425_Ja_Ro	1	2	0
-528	1_2_33c_425_Ja_Ro	2	2	0
-259	1_3_16a_425_Ko_Mi	0	2	0
-278	1_3_17a_425_Ko_Mi	1	2	0
-292	1_3_18a_425_Ko_Mi	2	2	0
-381	1_1_37d_425_Mi_Ar	0	2	0
-425	1_1_38d_425_Mi_Ar	1	2	0
-425	1_1_39d_425_Mi_Ar	2	2	3
-657	1_2_7c_425_Ja_Ar	0	2	0
-522	1_2_8c_425_Ja_Ar	1	2	0
-507	1_2_9c_425_Ja_Ar	2	2	0
-364	1_1_46c_425_Ja_Ko	0	2	0
-485	1_1_47c_425_Ja_Ko	1	2	0
-518	1_1_48c_425_Ja_Ko	2	2	0
-483	1_1_52a_425_Ro_Ja	0	2	0
-585	1_1_53a_425_Ro_Ja	1	2	0
-429	1_1_54a_425_Ro_Ja	2	2	0
-488	1_2_1b_425_Ar_Mi	0	2	0
-536	1_2_2b_425_Ar_Mi	1	2	0
-634	1_2_3b_425_Ar_Mi	2	2	0
-351	1_3_22b_425_Ko_Ja	0	2	0
-280	1_3_23b_425_Ko_Ja	1	2	0
-328	1_3_24b_425_Ko_Ja	2	2	0
-302	1_1_49d_425_Mi_Ro	0	2	0
-368	1_1_50d_425_Mi_Ro	1	2	0
-494	1_1_51d_425_Mi_Ro	2	2	0
-277	1_3_34d_425_Ja_Ro	0	2	0
-245	1_3_35d_425_Ja_Ro	1	2	0
-369	1_3_36d_425_Ja_Ro	2	2	0
-405	1_1_40a_425_Ar_Ja	0	2	0
-416	1_1_41a_425_Ar_Ja	1	2	0
-499	1_1_42a_425_Ar_Ja	2	2	0
-635	1_2_25b_425_Ro_Mi	0	2	0
-465	1_2_26b_425_Ro_Mi	1	2	0
-570	1_2_27b_425_Ro_Mi	2	2	3
800	3_1_51c_525_Mi_Ro	0	3	0
668	3_1_49c_525_Mi_Ro	1	3	0
675	3_1_50c_525_Mi_Ro	2	3	0
632	3_2_13c_525_Mi_Ko	0	3	0
629	3_2_14c_525_Mi_Ko	1	3	0
435	3_2_15c_525_Mi_Ko	2	3	0
557	3_2_21d_525_Ja_Ko	0	3	0
604	3_2_19d_525_Ja_Ko	1	3	0
649	3_2_20d_525_Ja_Ko	2	3	0
842	3_3_34c_525_Ja_Ro	0	3	0
842	3_3_35c_525_Ja_Ro	1	3	0
888	3_3_36c_525_Ja_Ro	2	3	0
488	3_2_7b_525_Ar_Ja	0	3	0
572	3_2_8b_525_Ar_Ja	1	3	0
586	3_2_9b_525_Ar_Ja	2	3	0
821	3_3_10c_525_Ja_Ar	0	3	0
813	3_3_11c_525_Ja_Ar	1	3	0
808	3_3_12c_525_Ja_Ar	2	3	0
697	3_1_43a_525_Ko_Mi	0	3	0
703	3_1_44a_525_Ko_Mi	1	3	0
754	3_1_45a_525_Ko_Mi	2	3	0
656	3_2_25a_525_Ro_Mi	0	3	0
609	3_2_26a_525_Ro_Mi	1	3	0
474	3_2_27a_525_Ro_Mi	2	3	0
883	3_3_16d_525_Mi_Ko	0	3	0
849	3_3_17d_525_Mi_Ko	1	3	0
833	3_3_18d_525_Mi_Ko	2	3	3
725	3_1_41d_525_Ja_Ar	0	3	0
465	3_1_42d_525_Ja_Ar	1	3	0
703	3_1_40d_525_Ja_Ar	2	3	0
726	3_1_48b_525_Ko_Ja	0	3	0
841	3_1_46b_525_Ko_Ja	1	3	0
585	3_1_47b_525_Ko_Ja	2	3	0
579	3_2_31b_525_Ro_Ja	0	3	0
522	3_2_32b_525_Ro_Ja	1	3	0
622	3_2_33b_525_Ro_Ja	2	3	0
813	3_3_22a_525_Ko_Ja	0	3	0
859	3_3_23a_525_Ko_Ja	1	3	0
853	3_3_24a_525_Ko_Ja	2	3	0
651	3_1_37c_525_Mi_Ar	0	3	0
693	3_1_38c_525_Mi_Ar	1	3	0
559	3_1_39c_525_Mi_Ar	2	3	0
866	3_3_4b_525_Ar_Mi	0	3	0
916	3_3_5b_525_Ar_Mi	1	3	0
937	3_3_6b_525_Ar_Mi	2	3	0
906	3_3_28b_525_Ro_Mi	0	3	0
910	3_3_29b_525_Ro_Mi	1	3	0
867	3_3_30b_525_Ro_Mi	2	3	0
820	3_1_52d_525_Ja_Ro	0	3	0
566	3_1_54d_525_Ja_Ro	1	3	0
738	3_1_53d_525_Ja_Ro	2	3	0
518	3_2_1a_525_Ar_Mi	0	3	0
497	3_2_2a_525_Ar_Mi	1	3	0
496	3_2_3a_525_Ar_Mi	2	3	3
-563	1_2_7d_525_Ja_Ar	0	4	0
-479	1_2_8d_525_Ja_Ar	1	4	0
-465	1_2_9d_525_Ja_Ar	2	4	0
-399	1_1_37c_525_Mi_Ar	0	4	0
-357	1_1_38c_525_Mi_Ar	1	4	0
-491	1_1_39c_525_Mi_Ar	2	4	0
-168	1_3_16b_525_Ko_Mi	0	4	0
-202	1_3_17b_525_Ko_Mi	1	4	0
-218	1_3_18b_525_Ko_Mi	2	4	0
-395	1_2_25c_525_Mi_Ro	0	4	0
-442	1_2_26c_525_Mi_Ro	1	4	0
-577	1_2_27c_525_Mi_Ro	2	4	0
-209	1_3_34a_525_Ro_Ja	0	4	0
-209	1_3_35a_525_Ro_Ja	1	4	0
-163	1_3_36a_525_Ro_Ja	2	4	0
-353	1_1_43c_525_Mi_Ko	0	4	0
-347	1_1_44c_525_Mi_Ko	1	4	0
-296	1_1_45c_525_Mi_Ko	2	4	0
-230	1_1_52b_525_Ro_Ja	0	4	0
-484	1_1_54b_525_Ro_Ja	1	4	0
-312	1_1_53b_525_Ro_Ja	2	4	0
-250	1_1_51a_525_Ro_Mi	0	4	0
-382	1_1_49a_525_Ro_Mi	1	4	0
-375	1_1_50a_525_Ro_Mi	2	4	0
-238	1_3_22c_525_Ja_Ko	0	4	0
-192	1_3_23c_525_Ja_Ko	1	4	0
-198	1_3_24c_525_Ja_Ko	2	4	3
-531	1_2_1c_525_Mi_Ar	0	4	0
-552	1_2_2c_525_Mi_Ar	1	4	0
-553	1_2_3c_525_Mi_Ar	2	4	0
-419	1_2_13a_525_Ko_Mi	0	4	0
-422	1_2_14a_525_Ko_Mi	1	4	0
-616	1_2_15a_525_Ko_Mi	2	4	0
-500	1_2_4d_525_Mi_Ar	0	4	0
-450	1_2_5d_525_Mi_Ar	1	4	0
-429	1_2_6d_525_Mi_Ar	2	4	0
-472	1_2_31d_525_Ja_Ro	0	4	0
-529	1_2_32d_525_Ja_Ro	1	4	0
-429	1_2_33d_525_Ja_Ro	2	4	0
-325	1_1_41b_525_Ar_Ja	0	4	0
-585	1_1_42b_525_Ar_Ja	1	4	0
-347	1_1_40b_525_Ar_Ja	2	4	0
-324	1_1_48d_525_Ja_Ko	0	4	0
-209	1_1_46d_525_Ja_Ko	1	4	0
-465	1_1_47d_525_Ja_Ko	2	4	0
-145	1_3_28d_525_Mi_Ro	0	4	0
-141	1_3_29d_525_Mi_Ro	1	4	0
-184	1_3_30d_525_Mi_Ro	2	4	0
-230	1_3_10a_525_Ar_Ja	0	4	0
-238	1_3_11a_525_Ar_Ja	1	4	0
-243	1_3_12a_525_Ar_Ja	2	4	0
-494	1_2_21b_525_Ko_Ja	0	4	0
-447	1_2_19b_525_Ko_Ja	1	4	0
-402	1_2_20b_525_Ko_Ja	2	4	99
