395	3_1_19a_425_Ko_Ja	0	0	0
447	3_1_20a_425_Ko_Ja	1	0	0
456	3_1_21a_425_Ko_Ja	2	0	0
883	3_3_41b_525_Ar_Ja	0	0	0
623	3_3_42b_525_Ar_Ja	1	0	0
861	3_3_40b_525_Ar_Ja	2	0	0
-606	1_2_22d_425_Ja_Ko	0	0	0
-535	1_2_23d_425_Ja_Ko	1	0	0
-583	1_2_24d_425_Ja_Ko	2	0	0
-460	1_2_28b_525_Ro_Mi	0	0	0
-456	1_2_29b_525_Ro_Mi	1	0	0
-499	1_2_30b_525_Ro_Mi	2	0	1
489	3_1_13c_425_Mi_Ko	0	1	0
486	3_1_14c_425_Mi_Ko	1	1	0
292	3_1_15c_425_Mi_Ko	2	1	0
541	3_3_48b_425_Ko_Ja	0	1	0
669	3_3_46b_425_Ko_Ja	1	1	0
413	3_3_47b_425_Ko_Ja	2	1	0
436	3_1_31b_425_Ro_Ja	0	1	0
252	3_1_32b_425_Ro_Ja	1	1	0
479	3_1_33b_425_Ro_Ja	2	1	0
345	3_1_7b_425_Ar_Ja	0	1	0
429	3_1_8b_425_Ar_Ja	1	1	0
443	3_1_9b_425_Ar_Ja	2	1	0
525	3_3_43a_425_Ko_Mi	0	1	0
503	3_3_44a_425_Ko_Mi	1	1	0
582	3_3_45a_425_Ko_Mi	2	1	0
479	3_3_37c_425_Mi_Ar	0	1	0
521	3_3_38c_425_Mi_Ar	1	1	0
387	3_3_39c_425_Mi_Ar	2	1	0
228	3_2_22a_425_Ko_Ja	0	1	0
274	3_2_23a_425_Ko_Ja	1	1	0
268	3_2_24a_425_Ko_Ja	2	1	0
513	3_1_25a_425_Ro_Mi	0	1	0
466	3_1_26a_425_Ro_Mi	1	1	0
331	3_1_27a_425_Ro_Mi	2	1	0
648	3_3_52d_425_Ja_Ro	0	1	0
394	3_3_54d_425_Ja_Ro	1	1	0
566	3_3_53d_425_Ja_Ro	2	1	3
414	3_1_21d_425_Ja_Ko	0	1	0
461	3_1_19d_425_Ja_Ko	1	1	0
506	3_1_20d_425_Ja_Ko	2	1	0
321	3_2_28b_425_Ro_Mi	0	1	0
325	3_2_29b_425_Ro_Mi	1	1	0
282	3_2_30b_425_Ro_Mi	2	1	0
376	3_1_1a_425_Ar_Mi	0	1	0
355	3_1_2a_425_Ar_Mi	1	1	0
354	3_1_3a_425_Ar_Mi	2	1	0
236	3_2_10c_425_Ja_Ar	0	1	0
228	3_2_11c_425_Ja_Ar	1	1	0
223	3_2_12c_425_Ja_Ar	2	1	0
553	3_3_41d_425_Ja_Ar	0	1	0
293	3_3_42d_425_Ja_Ar	1	1	0
531	3_3_40d_425_Ja_Ar	2	1	0
257	3_2_34c_425_Ja_Ro	0	1	0
257	3_2_35c_425_Ja_Ro	1	1	0
303	3_2_36c_425_Ja_Ro	2	1	0
280	3_2_4b_425_Ar_Mi	0	1	0
331	3_2_5b_425_Ar_Mi	1	1	0
352	3_2_6b_425_Ar_Mi	2	1	0
298	3_2_16d_425_Mi_Ko	0	1	0
264	3_2_17d_425_Mi_Ko	1	1	0
248	3_2_18d_425_Mi_Ko	2	1	0
628	3_3_51c_425_Mi_Ro	0	1	0
496	3_3_49c_425_Mi_Ro	1	1	0
503	3_3_50c_425_Mi_Ro	2	1	3
540	3_2_4c_525_Mi_Ar	0	2	0
641	3_2_5c_525_Mi_Ar	1	2	0
554	3_2_6c_525_Mi_Ar	2	2	0
695	3_1_19a_525_Ko_Ja	0	2	0
747	3_1_20a_525_Ko_Ja	1	2	0
756	3_1_21a_525_Ko_Ja	2	2	0
755	3_1_31c_525_Ja_Ro	0	2	0
820	3_1_32c_525_Ja_Ro	1	2	0
750	3_1_33c_525_Ja_Ro	2	2	0
643	3_1_25b_525_Ro_Mi	0	2	0
813	3_1_26b_525_Ro_Mi	1	2	0
708	3_1_27b_525_Ro_Mi	2	2	0
617	3_2_28c_525_Mi_Ro	0	2	0
594	3_2_29c_525_Mi_Ro	1	2	0
522	3_2_30c_525_Mi_Ro	2	2	0
825	3_3_52a_525_Ro_Ja	0	2	0
790	3_3_53a_525_Ro_Ja	1	2	0
879	3_3_54a_525_Ro_Ja	2	2	0
709	3_1_15d_525_Mi_Ko	0	2	0
638	3_1_13d_525_Mi_Ko	1	2	0
827	3_1_14d_525_Mi_Ko	2	2	0
951	3_3_40a_525_Ar_Ja	0	2	0
892	3_3_41a_525_Ar_Ja	1	2	0
809	3_3_42a_525_Ar_Ja	2	2	0
552	3_2_10d_525_Ja_Ar	0	2	0
510	3_2_11d_525_Ja_Ar	1	2	0
607	3_2_12d_525_Ja_Ar	2	2	3
621	3_1_7c_525_Ja_Ar	0	2	0
756	3_1_8c_525_Ja_Ar	1	2	0
771	3_1_9c_525_Ja_Ar	2	2	0
906	3_3_46c_525_Ja_Ko	0	2	0
809	3_3_47c_525_Ja_Ko	1	2	0
790	3_3_48c_525_Ja_Ko	2	2	0
589	3_2_34d_525_Ja_Ro	0	2	0
621	3_2_35d_525_Ja_Ro	1	2	0
497	3_2_36d_525_Ja_Ro	2	2	0
992	3_3_49d_525_Mi_Ro	0	2	0
981	3_3_50d_525_Mi_Ro	1	2	0
814	3_3_51d_525_Mi_Ro	2	2	0
515	3_2_22b_525_Ko_Ja	0	2	0
586	3_2_23b_525_Ko_Ja	1	2	0
538	3_2_24b_525_Ko_Ja	2	2	0
927	3_3_37d_525_Mi_Ar	0	2	0
883	3_3_38d_525_Mi_Ar	1	2	0
883	3_3_39d_525_Mi_Ar	2	2	0
790	3_1_1b_525_Ar_Mi	0	2	0
742	3_1_2b_525_Ar_Mi	1	2	0
644	3_1_3b_525_Ar_Mi	2	2	0
607	3_2_16a_525_Ko_Mi	0	2	0
588	3_2_17a_525_Ko_Mi	1	2	0
574	3_2_18a_525_Ko_Mi	2	2	0
936	3_3_43b_525_Ko_Mi	0	2	0
735	3_3_45b_525_Ko_Mi	1	2	0
844	3_3_44b_525_Ko_Mi	2	2	3
-499	1_2_10b_525_Ar_Ja	0	3	0
-541	1_2_11b_525_Ar_Ja	1	3	0
-444	1_2_12b_525_Ar_Ja	2	3	0
-407	1_1_25d_525_Mi_Ro	0	3	0
-237	1_1_26d_525_Mi_Ro	1	3	0
-342	1_1_27d_525_Mi_Ro	2	3	0
-145	1_3_46a_525_Ko_Ja	0	3	0
-242	1_3_47a_525_Ko_Ja	1	3	0
-261	1_3_48a_525_Ko_Ja	2	3	0
-59	1_3_49b_525_Ro_Mi	0	3	0
-70	1_3_50b_525_Ro_Mi	1	3	0
-237	1_3_51b_525_Ro_Mi	2	3	0
-536	1_2_22d_525_Ja_Ko	0	3	0
-465	1_2_23d_525_Ja_Ko	1	3	0
-513	1_2_24d_525_Ja_Ko	2	3	0
-115	1_3_43d_525_Mi_Ko	0	3	0
-316	1_3_45d_525_Mi_Ko	1	3	0
-207	1_3_44d_525_Mi_Ko	2	3	0
-462	1_2_34b_525_Ro_Ja	0	3	0
-430	1_2_35b_525_Ro_Ja	1	3	0
-554	1_2_36b_525_Ro_Ja	2	3	0
-196	1_3_4a_525_Ar_Mi	0	3	0
-95	1_3_5a_525_Ar_Mi	1	3	0
-182	1_3_6a_525_Ar_Mi	2	3	0
-341	1_1_15b_525_Ko_Mi	0	3	0
-412	1_1_13b_525_Ko_Mi	1	3	0
-223	1_1_14b_525_Ko_Mi	2	3	3
-355	1_1_19c_525_Ja_Ko	0	3	0
-303	1_1_20c_525_Ja_Ko	1	3	0
-294	1_1_21c_525_Ja_Ko	2	3	0
-434	1_2_28a_525_Ro_Mi	0	3	0
-457	1_2_29a_525_Ro_Mi	1	3	0
-529	1_2_30a_525_Ro_Mi	2	3	0
-100	1_3_40c_525_Ja_Ar	0	3	0
-159	1_3_41c_525_Ja_Ar	1	3	0
-242	1_3_42c_525_Ja_Ar	2	3	0
-226	1_3_52c_525_Ja_Ro	0	3	0
-261	1_3_53c_525_Ja_Ro	1	3	0
-172	1_3_54c_525_Ja_Ro	2	3	0
-444	1_2_16c_525_Mi_Ko	0	3	0
-463	1_2_17c_525_Mi_Ko	1	3	0
-477	1_2_18c_525_Mi_Ko	2	3	0
-429	1_1_7a_525_Ar_Ja	0	3	0
-294	1_1_8a_525_Ar_Ja	1	3	0
-279	1_1_9a_525_Ar_Ja	2	3	0
-295	1_1_31a_525_Ro_Ja	0	3	0
-230	1_1_32a_525_Ro_Ja	1	3	0
-300	1_1_33a_525_Ro_Ja	2	3	0
-260	1_1_1d_525_Mi_Ar	0	3	0
-308	1_1_2d_525_Mi_Ar	1	3	0
-406	1_1_3d_525_Mi_Ar	2	3	0
-124	1_3_37d_525_Mi_Ar	0	3	0
-168	1_3_38d_525_Mi_Ar	1	3	0
-168	1_3_39d_525_Mi_Ar	2	3	3
-223	1_3_51a_425_Ro_Mi	0	4	0
-355	1_3_49a_425_Ro_Mi	1	4	0
-348	1_3_50a_425_Ro_Mi	2	4	0
-474	1_1_1c_425_Mi_Ar	0	4	0
-495	1_1_2c_425_Mi_Ar	1	4	0
-496	1_1_3c_425_Mi_Ar	2	4	0
-337	1_1_25c_425_Mi_Ro	0	4	0
-384	1_1_26c_425_Mi_Ro	1	4	0
-519	1_1_27c_425_Mi_Ro	2	4	0
-361	1_1_13a_425_Ko_Mi	0	4	0
-364	1_1_14a_425_Ko_Mi	1	4	0
-558	1_1_15a_425_Ko_Mi	2	4	0
-505	1_1_7d_425_Ja_Ar	0	4	0
-421	1_1_8d_425_Ja_Ar	1	4	0
-407	1_1_9d_425_Ja_Ar	2	4	0
-594	1_2_34a_425_Ro_Ja	0	4	0
-594	1_2_35a_425_Ro_Ja	1	4	0
-548	1_2_36a_425_Ro_Ja	2	4	0
-623	1_2_22c_425_Ja_Ko	0	4	0
-577	1_2_23c_425_Ja_Ko	1	4	0
-583	1_2_24c_425_Ja_Ko	2	4	0
-553	1_2_16b_425_Ko_Mi	0	4	0
-587	1_2_17b_425_Ko_Mi	1	4	0
-603	1_2_18b_425_Ko_Mi	2	4	0
-372	1_3_37a_425_Ar_Mi	0	4	0
-330	1_3_38a_425_Ar_Mi	1	4	0
-464	1_3_39a_425_Ar_Mi	2	4	3
-203	1_3_52b_425_Ro_Ja	0	4	0
-457	1_3_54b_425_Ro_Ja	1	4	0
-285	1_3_53b_425_Ro_Ja	2	4	0
-615	1_2_10a_425_Ar_Ja	0	4	0
-623	1_2_11a_425_Ar_Ja	1	4	0
-628	1_2_12a_425_Ar_Ja	2	4	0
-326	1_3_43c_425_Mi_Ko	0	4	0
-348	1_3_44c_425_Mi_Ko	1	4	0
-269	1_3_45c_425_Mi_Ko	2	4	0
-414	1_1_31d_425_Ja_Ro	0	4	0
-598	1_1_32d_425_Ja_Ro	1	4	0
-371	1_1_33d_425_Ja_Ro	2	4	0
-298	1_3_41b_425_Ar_Ja	0	4	0
-558	1_3_42b_425_Ar_Ja	1	4	0
-320	1_3_40b_425_Ar_Ja	2	4	0
-571	1_2_4d_425_Mi_Ar	0	4	0
-520	1_2_5d_425_Mi_Ar	1	4	0
-499	1_2_6d_425_Mi_Ar	2	4	0
-530	1_2_28d_425_Mi_Ro	0	4	0
-526	1_2_29d_425_Mi_Ro	1	4	0
-569	1_2_30d_425_Mi_Ro	2	4	0
-436	1_1_21b_425_Ko_Ja	0	4	0
-389	1_1_19b_425_Ko_Ja	1	4	0
-344	1_1_20b_425_Ko_Ja	2	4	0
-310	1_3_48d_425_Ja_Ko	0	4	0
-182	1_3_46d_425_Ja_Ko	1	4	0
-438	1_3_47d_425_Ja_Ko	2	4	99
