-530	1_2_28b_425_Ro_Mi	0	0	0
-526	1_2_29b_425_Ro_Mi	1	0	0
-569	1_2_30b_425_Ro_Mi	2	0	0
414	3_1_21b_425_Ko_Ja	0	0	0
461	3_1_19b_425_Ko_Ja	1	0	0
506	3_1_20b_425_Ko_Ja	2	0	0
-341	1_1_15d_525_Mi_Ko	0	0	0
-412	1_1_13d_525_Mi_Ko	1	0	0
-223	1_1_14d_525_Mi_Ko	2	0	0
709	3_1_15b_525_Ko_Mi	0	0	0
638	3_1_13b_525_Ko_Mi	1	0	0
827	3_1_14b_525_Ko_Mi	2	0	1
708	3_1_4d_525_Mi_Ar	0	1	0
758	3_1_5d_525_Mi_Ar	1	1	0
779	3_1_6d_525_Mi_Ar	2	1	0
655	3_1_22c_525_Ja_Ko	0	1	0
701	3_1_23c_525_Ja_Ko	1	1	0
695	3_1_24c_525_Ja_Ko	2	1	0
684	3_1_34a_525_Ro_Ja	0	1	0
684	3_1_35a_525_Ro_Ja	1	1	0
730	3_1_36a_525_Ro_Ja	2	1	0
643	3_2_51a_525_Ro_Mi	0	1	0
511	3_2_49a_525_Ro_Mi	1	1	0
518	3_2_50a_525_Ro_Mi	2	1	0
568	3_2_41b_525_Ar_Ja	0	1	0
308	3_2_42b_525_Ar_Ja	1	1	0
546	3_2_40b_525_Ar_Ja	2	1	0
540	3_2_43c_525_Mi_Ko	0	1	0
546	3_2_44c_525_Mi_Ko	1	1	0
597	3_2_45c_525_Mi_Ko	2	1	0
569	3_2_48d_525_Ja_Ko	0	1	0
684	3_2_46d_525_Ja_Ko	1	1	0
428	3_2_47d_525_Ja_Ko	2	1	0
748	3_1_28d_525_Mi_Ro	0	1	0
752	3_1_29d_525_Mi_Ro	1	1	0
709	3_1_30d_525_Mi_Ro	2	1	0
971	3_3_25c_525_Mi_Ro	0	1	0
924	3_3_26c_525_Mi_Ro	1	1	0
789	3_3_27c_525_Mi_Ro	2	1	3
894	3_3_31d_525_Ja_Ro	0	1	0
837	3_3_32d_525_Ja_Ro	1	1	0
937	3_3_33d_525_Ja_Ro	2	1	0
494	3_2_37a_525_Ar_Mi	0	1	0
536	3_2_38a_525_Ar_Mi	1	1	0
402	3_2_39a_525_Ar_Mi	2	1	0
663	3_2_52b_525_Ro_Ja	0	1	0
409	3_2_54b_525_Ro_Ja	1	1	0
581	3_2_53b_525_Ro_Ja	2	1	0
833	3_3_1c_525_Mi_Ar	0	1	0
812	3_3_2c_525_Mi_Ar	1	1	0
811	3_3_3c_525_Mi_Ar	2	1	0
663	3_1_10a_525_Ar_Ja	0	1	0
655	3_1_11a_525_Ar_Ja	1	1	0
650	3_1_12a_525_Ar_Ja	2	1	0
872	3_3_21b_525_Ko_Ja	0	1	0
919	3_3_19b_525_Ko_Ja	1	1	0
964	3_3_20b_525_Ko_Ja	2	1	0
947	3_3_13a_525_Ko_Mi	0	1	0
944	3_3_14a_525_Ko_Mi	1	1	0
750	3_3_15a_525_Ko_Mi	2	1	0
803	3_3_7d_525_Ja_Ar	0	1	0
887	3_3_8d_525_Ja_Ar	1	1	0
901	3_3_9d_525_Ja_Ar	2	1	0
725	3_1_16b_525_Ko_Mi	0	1	0
691	3_1_17b_525_Ko_Mi	1	1	0
675	3_1_18b_525_Ko_Mi	2	1	3
471	3_3_25b_425_Ro_Mi	0	2	0
641	3_3_26b_425_Ro_Mi	1	2	0
536	3_3_27b_425_Ro_Mi	2	2	0
318	3_2_40a_425_Ar_Ja	0	2	0
307	3_2_41a_425_Ar_Ja	1	2	0
224	3_2_42a_425_Ar_Ja	2	2	0
583	3_3_31c_425_Ja_Ro	0	2	0
634	3_3_32c_425_Ja_Ro	1	2	0
578	3_3_33c_425_Ja_Ro	2	2	0
397	3_1_4c_425_Mi_Ar	0	2	0
498	3_1_5c_425_Mi_Ar	1	2	0
411	3_1_6c_425_Mi_Ar	2	2	0
421	3_2_49d_425_Mi_Ro	0	2	0
355	3_2_50d_425_Mi_Ro	1	2	0
229	3_2_51d_425_Mi_Ro	2	2	0
446	3_1_34d_425_Ja_Ro	0	2	0
478	3_1_35d_425_Ja_Ro	1	2	0
354	3_1_36d_425_Ja_Ro	2	2	0
342	3_2_37d_425_Mi_Ar	0	2	0
298	3_2_38d_425_Mi_Ar	1	2	0
298	3_2_39d_425_Mi_Ar	2	2	0
372	3_1_22b_425_Ko_Ja	0	2	0
443	3_1_23b_425_Ko_Ja	1	2	0
395	3_1_24b_425_Ko_Ja	2	2	0
495	3_2_52a_425_Ro_Ja	0	2	0
393	3_2_53a_425_Ro_Ja	1	2	0
549	3_2_54a_425_Ro_Ja	2	2	3
618	3_3_1b_425_Ar_Mi	0	2	0
570	3_3_2b_425_Ar_Mi	1	2	0
472	3_3_3b_425_Ar_Mi	2	2	0
464	3_1_16a_425_Ko_Mi	0	2	0
445	3_1_17a_425_Ko_Mi	1	2	0
431	3_1_18a_425_Ko_Mi	2	2	0
537	3_3_15d_425_Mi_Ko	0	2	0
466	3_3_13d_425_Mi_Ko	1	2	0
655	3_3_14d_425_Mi_Ko	2	2	0
359	3_2_46c_425_Ja_Ko	0	2	0
238	3_2_47c_425_Ja_Ko	1	2	0
205	3_2_48c_425_Ja_Ko	2	2	0
363	3_1_10d_425_Ja_Ar	0	2	0
367	3_1_11d_425_Ja_Ar	1	2	0
464	3_1_12d_425_Ja_Ar	2	2	0
449	3_3_7c_425_Ja_Ar	0	2	0
584	3_3_8c_425_Ja_Ar	1	2	0
599	3_3_9c_425_Ja_Ar	2	2	0
474	3_1_28c_425_Mi_Ro	0	2	0
451	3_1_29c_425_Mi_Ro	1	2	0
379	3_1_30c_425_Mi_Ro	2	2	0
351	3_2_43b_425_Ko_Mi	0	2	0
150	3_2_45b_425_Ko_Mi	1	2	0
259	3_2_44b_425_Ko_Mi	2	2	0
523	3_3_19a_425_Ko_Ja	0	2	0
575	3_3_20a_425_Ko_Ja	1	2	0
584	3_3_21a_425_Ko_Ja	2	2	3
-248	1_3_7b_525_Ar_Ja	0	3	0
-164	1_3_8b_525_Ar_Ja	1	3	0
-150	1_3_9b_525_Ar_Ja	2	3	0
-482	1_2_48b_525_Ko_Ja	0	3	0
-367	1_2_46b_525_Ko_Ja	1	3	0
-623	1_2_47b_525_Ko_Ja	2	3	0
-408	1_2_51c_525_Mi_Ro	0	3	0
-540	1_2_49c_525_Mi_Ro	1	3	0
-533	1_2_50c_525_Mi_Ro	2	3	0
-80	1_3_25a_525_Ro_Mi	0	3	0
-127	1_3_26a_525_Ro_Mi	1	3	0
-262	1_3_27a_525_Ro_Mi	2	3	0
-511	1_2_43a_525_Ko_Mi	0	3	0
-505	1_2_44a_525_Ko_Mi	1	3	0
-454	1_2_45a_525_Ko_Mi	2	3	0
-325	1_1_16d_525_Mi_Ko	0	3	0
-359	1_1_17d_525_Mi_Ko	1	3	0
-375	1_1_18d_525_Mi_Ko	2	3	0
-302	1_1_28b_525_Ro_Mi	0	3	0
-298	1_1_29b_525_Ro_Mi	1	3	0
-341	1_1_30b_525_Ro_Mi	2	3	0
-216	1_3_1a_525_Ar_Mi	0	3	0
-237	1_3_2a_525_Ar_Mi	1	3	0
-238	1_3_3a_525_Ar_Mi	2	3	0
-557	1_2_37a_525_Ar_Mi	0	3	0
-515	1_2_38a_525_Ar_Mi	1	3	0
-649	1_2_39a_525_Ar_Mi	2	3	3
-179	1_3_21d_525_Ja_Ko	0	3	0
-132	1_3_19d_525_Ja_Ko	1	3	0
-87	1_3_20d_525_Ja_Ko	2	3	0
-483	1_2_41d_525_Ja_Ar	0	3	0
-743	1_2_42d_525_Ja_Ar	1	3	0
-505	1_2_40d_525_Ja_Ar	2	3	0
-395	1_1_22a_525_Ko_Ja	0	3	0
-349	1_1_23a_525_Ko_Ja	1	3	0
-355	1_1_24a_525_Ko_Ja	2	3	0
-104	1_3_13c_525_Mi_Ko	0	3	0
-107	1_3_14c_525_Mi_Ko	1	3	0
-301	1_3_15c_525_Mi_Ko	2	3	0
-387	1_1_10c_525_Ja_Ar	0	3	0
-395	1_1_11c_525_Ja_Ar	1	3	0
-400	1_1_12c_525_Ja_Ar	2	3	0
-342	1_1_4b_525_Ar_Mi	0	3	0
-292	1_1_5b_525_Ar_Mi	1	3	0
-271	1_1_6b_525_Ar_Mi	2	3	0
-157	1_3_31b_525_Ro_Ja	0	3	0
-214	1_3_32b_525_Ro_Ja	1	3	0
-114	1_3_33b_525_Ro_Ja	2	3	0
-388	1_2_52d_525_Ja_Ro	0	3	0
-642	1_2_54d_525_Ja_Ro	1	3	0
-470	1_2_53d_525_Ja_Ro	2	3	0
-366	1_1_34c_525_Ja_Ro	0	3	0
-366	1_1_35c_525_Ja_Ro	1	3	0
-320	1_1_36c_525_Ja_Ro	2	3	3
-233	1_3_1d_425_Mi_Ar	0	4	0
-281	1_3_2d_425_Mi_Ar	1	4	0
-379	1_3_3d_425_Mi_Ar	2	4	0
-500	1_2_43d_425_Mi_Ko	0	4	0
-701	1_2_45d_425_Mi_Ko	1	4	0
-592	1_2_44d_425_Mi_Ko	2	4	0
-478	1_1_22d_425_Ja_Ko	0	4	0
-407	1_1_23d_425_Ja_Ko	1	4	0
-455	1_1_24d_425_Ja_Ko	2	4	0
-404	1_1_34b_425_Ro_Ja	0	4	0
-372	1_1_35b_425_Ro_Ja	1	4	0
-496	1_1_36b_425_Ro_Ja	2	4	0
-533	1_2_40c_425_Ja_Ar	0	4	0
-544	1_2_41c_425_Ja_Ar	1	4	0
-627	1_2_42c_425_Ja_Ar	2	4	0
-453	1_1_4a_425_Ar_Mi	0	4	0
-352	1_1_5a_425_Ar_Mi	1	4	0
-439	1_1_6a_425_Ar_Mi	2	4	0
-509	1_2_37b_425_Ar_Mi	0	4	0
-553	1_2_38b_425_Ar_Mi	1	4	0
-553	1_2_39b_425_Ar_Mi	2	4	0
-430	1_2_49b_425_Ro_Mi	0	4	0
-496	1_2_50b_425_Ro_Mi	1	4	0
-622	1_2_51b_425_Ro_Mi	2	4	0
-314	1_3_15b_425_Ko_Mi	0	4	0
-385	1_3_13b_425_Ko_Mi	1	4	0
-196	1_3_14b_425_Ko_Mi	2	4	3
-268	1_3_31a_425_Ro_Ja	0	4	0
-217	1_3_32a_425_Ro_Ja	1	4	0
-273	1_3_33a_425_Ro_Ja	2	4	0
-402	1_3_7a_425_Ar_Ja	0	4	0
-267	1_3_8a_425_Ar_Ja	1	4	0
-252	1_3_9a_425_Ar_Ja	2	4	0
-376	1_1_28a_425_Ro_Mi	0	4	0
-399	1_1_29a_425_Ro_Mi	1	4	0
-471	1_1_30a_425_Ro_Mi	2	4	0
-328	1_3_19c_425_Ja_Ko	0	4	0
-276	1_3_20c_425_Ja_Ko	1	4	0
-267	1_3_21c_425_Ja_Ko	2	4	0
-611	1_2_52c_425_Ja_Ro	0	4	0
-713	1_2_53c_425_Ja_Ro	1	4	0
-557	1_2_54c_425_Ja_Ro	2	4	0
-492	1_2_46a_425_Ko_Ja	0	4	0
-613	1_2_47a_425_Ko_Ja	1	4	0
-646	1_2_48a_425_Ko_Ja	2	4	0
-386	1_1_16c_425_Mi_Ko	0	4	0
-405	1_1_17c_425_Mi_Ko	1	4	0
-419	1_1_18c_425_Mi_Ko	2	4	0
-380	1_3_25d_425_Mi_Ro	0	4	0
-210	1_3_26d_425_Mi_Ro	1	4	0
-315	1_3_27d_425_Mi_Ro	2	4	0
-441	1_1_10b_425_Ar_Ja	0	4	0
-483	1_1_11b_425_Ar_Ja	1	4	0
-386	1_1_12b_425_Ar_Ja	2	4	99