play_nr	wav_name	exp_code	part_nr	trial_nr	time_transition	time_duration	code_block	code_dialogue	code_tempo	code_turn_transition	code_overlap	left_left_border	left_right_border	right_left_border	right_right_border
1	1_2_22c_525_Ja_Ko.wav	0	0	1	2806	5471	230	87	97	212	98	5	15	30	40
2	1_2_23c_525_Ja_Ko.wav	0	1	1	2847	5400	240	87	197	222	198	5	15	30	40
3	3_2_28a_425_Ro_Mi.wav	0	0	2	3120	5375	230	90	96	212	99	25	35	80	90
4	3_2_29a_425_Ro_Mi.wav	0	1	2	3200	5371	240	90	196	222	199	25	35	80	90
5	1_2_34d_425_Ja_Ro.wav	0	0	3	2360	4589	230	93	96	212	98	35	45	70	80
6	1_2_35d_425_Ja_Ro.wav	0	1	3	2351	4589	240	93	196	222	198	35	45	70	80
7	3_2_4b_525_Ar_Mi.wav	0	0	4	3836	6496	230	78	97	212	99	55	65	80	90
8	3_2_5b_525_Ar_Mi.wav	1	1	4	3824	6395	240	78	197	222	199	55	65	80	90
9	1_2_28b_425_Ro_Mi.wav	0	0	5	2300	4499	231	90	96	212	98	5	15	30	40
10	1_2_29b_425_Ro_Mi.wav	0	1	5	2260	4522	241	90	196	222	198	5	15	30	40
11	1_2_16d_425_Mi_Ko.wav	0	0	6	2316	4509	231	84	96	212	98	5	15	30	40
12	1_2_17d_425_Mi_Ko.wav	0	1	6	2385	4528	241	84	196	222	198	5	15	30	40
13	1_3_41d_425_Ja_Ar.wav	0	0	7	2565	4794	231	82	96	213	98	5	15	30	40
14	1_3_42d_425_Ja_Ar.wav	0	1	7	2647	4877	241	82	196	223	198	5	15	30	40
15	1_3_37c_425_Mi_Ar.wav	0	0	8	2562	4759	231	79	96	213	98	5	15	30	40
16	1_3_38c_425_Mi_Ar.wav	0	1	8	2632	4803	241	79	196	223	198	5	15	30	40
17	1_3_48b_425_Ko_Ja.wav	0	0	9	2641	4896	231	88	96	213	98	5	15	40	50
18	1_3_46b_425_Ko_Ja.wav	0	1	9	2527	4742	241	88	196	223	198	5	15	40	50
19	1_1_21d_425_Ja_Ko.wav	0	0	10	2425	4645	231	86	96	211	98	5	15	40	50
20	1_1_19d_425_Ja_Ko.wav	0	1	10	2513	4706	241	86	196	221	198	5	15	40	50
21	1_3_52d_425_Ja_Ro.wav	0	0	11	2591	4861	231	94	96	213	98	5	15	40	50
22	1_3_54d_425_Ja_Ro.wav	0	1	11	2548	4807	241	94	196	223	198	5	15	40	50
23	1_1_25a_425_Ro_Mi.wav	0	0	12	2473	4758	231	89	96	211	98	5	15	40	50
24	1_1_26a_425_Ro_Mi.wav	0	1	12	2470	4588	241	89	196	221	198	5	15	40	50
25	1_2_34c_425_Ja_Ro.wav	0	0	13	2264	4527	231	93	96	212	98	5	15	50	60
26	1_2_35c_425_Ja_Ro.wav	3	1	13	2325	4495	241	93	196	222	198	5	15	50	60
27	1_1_31b_425_Ro_Ja.wav	0	0	14	2520	4646	232	92	96	211	98	5	15	50	60
28	1_1_32b_425_Ro_Ja.wav	0	1	14	2388	4595	242	92	196	221	198	5	15	50	60
29	1_2_10c_425_Ja_Ar.wav	0	0	15	2310	4564	232	81	96	212	98	5	15	50	60
30	1_2_11c_425_Ja_Ar.wav	0	1	15	2345	4606	242	81	196	222	198	5	15	50	60
31	1_3_43a_425_Ko_Mi.wav	0	0	16	2565	4750	232	85	96	213	98	5	15	50	60
32	1_3_44a_425_Ko_Mi.wav	0	1	16	2600	4842	242	85	196	223	198	5	15	50	60
33	1_1_1a_425_Ar_Mi.wav	0	0	17	2448	4611	232	77	96	211	98	5	15	60	70
34	1_1_2a_425_Ar_Mi.wav	0	1	17	2451	4659	242	77	196	221	198	5	15	60	70
35	1_2_4b_425_Ar_Mi.wav	0	0	18	2317	4577	232	78	96	212	98	5	15	60	70
36	1_2_5b_425_Ar_Mi.wav	0	1	18	2304	4475	242	78	196	222	198	5	15	60	70
37	1_2_22a_425_Ko_Ja.wav	0	0	19	2336	4601	232	87	96	212	98	5	15	60	70
38	1_2_23a_425_Ko_Ja.wav	0	1	19	2377	4530	242	87	196	222	198	5	15	60	70
39	1_1_7b_425_Ar_Ja.wav	0	0	20	2420	4780	232	80	96	211	98	5	15	60	70
40	1_1_8b_425_Ar_Ja.wav	0	1	20	2450	4645	242	80	196	221	198	5	15	60	70
41	1_1_13c_425_Mi_Ko.wav	0	0	21	2450	4763	232	83	96	211	98	15	25	40	50
42	1_1_14c_425_Mi_Ko.wav	0	1	21	2410	4574	242	83	196	221	198	15	25	40	50
43	1_3_51c_425_Mi_Ro.wav	0	0	22	2564	4872	232	91	96	213	98	15	25	40	50
44	1_3_49c_425_Mi_Ro.wav	3	1	22	2551	4680	242	91	196	223	198	15	25	40	50
45	3_1_21b_425_Ko_Ja.wav	0	0	23	3275	5495	233	86	96	211	99	15	25	40	50
46	3_1_19b_425_Ko_Ja.wav	0	1	23	3363	5556	243	86	196	221	199	15	25	40	50
47	3_3_37a_425_Ar_Mi.wav	0	0	24	3412	5609	233	79	96	213	99	15	25	40	50
48	3_3_38a_425_Ar_Mi.wav	0	1	24	3482	5653	243	79	196	223	199	15	25	40	50
49	3_3_41b_425_Ar_Ja.wav	0	0	25	3415	5644	233	82	96	213	99	15	25	50	60
50	3_3_42b_425_Ar_Ja.wav	0	1	25	3497	5727	243	82	196	223	199	15	25	50	60
51	3_2_34a_425_Ro_Ja.wav	0	0	26	3114	5377	233	93	96	212	99	15	25	50	60
52	3_2_35a_425_Ro_Ja.wav	0	1	26	3175	5345	243	93	196	222	199	15	25	50	60
53	3_3_52b_425_Ro_Ja.wav	0	0	27	3441	5711	233	94	96	213	99	15	25	50	60
54	3_3_54b_425_Ro_Ja.wav	0	1	27	3398	5657	243	94	196	223	199	15	25	50	60
55	3_1_1c_425_Mi_Ar.wav	0	0	28	3298	5461	233	77	96	211	99	15	25	50	60
56	3_1_2c_425_Mi_Ar.wav	0	1	28	3301	5509	243	77	196	221	199	15	25	50	60
57	3_1_13a_425_Ko_Mi.wav	0	0	29	3300	5613	233	83	96	211	99	15	25	60	70
58	3_1_14a_425_Ko_Mi.wav	0	1	29	3260	5424	243	83	196	221	199	15	25	60	70
59	3_2_22c_425_Ja_Ko.wav	0	0	30	3186	5451	233	87	96	212	99	15	25	60	70
60	3_2_23c_425_Ja_Ko.wav	0	1	30	3227	5380	243	87	196	222	199	15	25	60	70
61	3_2_16b_425_Ko_Mi.wav	0	0	31	3166	5359	233	84	96	212	99	15	25	60	70
62	3_2_17b_425_Ko_Mi.wav	3	1	31	3235	5378	243	84	196	222	199	15	25	60	70
63	3_1_25c_425_Mi_Ro.wav	0	0	32	3323	5608	234	89	96	211	99	15	25	60	70
64	3_1_26c_425_Mi_Ro.wav	0	1	32	3320	5438	244	89	196	221	199	15	25	60	70
65	3_3_48d_425_Ja_Ko.wav	0	0	33	3491	5746	234	88	96	213	99	15	25	70	80
66	3_3_46d_425_Ja_Ko.wav	0	1	33	3377	5592	244	88	196	223	199	15	25	70	80
67	3_1_7d_425_Ja_Ar.wav	0	0	34	3270	5630	234	80	96	211	99	15	25	70	80
68	3_1_8d_425_Ja_Ar.wav	0	1	34	3300	5495	244	80	196	221	199	15	25	70	80
69	3_3_51a_425_Ro_Mi.wav	0	0	35	3414	5722	234	91	96	213	99	15	25	70	80
70	3_3_49a_425_Ro_Mi.wav	0	1	35	3401	5530	244	91	196	223	199	15	25	70	80
71	3_1_31d_425_Ja_Ro.wav	0	0	36	3370	5496	234	92	96	211	99	15	25	70	80
72	3_1_32d_425_Ja_Ro.wav	0	1	36	3238	5445	244	92	196	221	199	15	25	70	80
73	3_2_10a_425_Ar_Ja.wav	0	0	37	3160	5414	234	81	96	212	99	25	35	50	60
74	3_2_11a_425_Ar_Ja.wav	0	1	37	3195	5456	244	81	196	222	199	25	35	50	60
75	3_2_4d_425_Mi_Ar.wav	0	0	38	3167	5427	234	78	96	212	99	25	35	50	60
76	3_2_5d_425_Mi_Ar.wav	0	1	38	3154	5325	244	78	196	222	199	25	35	50	60
77	3_2_28d_425_Mi_Ro.wav	0	0	39	3150	5349	234	90	96	212	99	25	35	50	60
78	3_2_29d_425_Mi_Ro.wav	0	1	39	3110	5372	244	90	196	222	199	25	35	50	60
79	3_3_43c_425_Mi_Ko.wav	0	0	40	3415	5600	234	85	96	213	99	25	35	50	60
80	3_3_44c_425_Mi_Ko.wav	3	1	40	3450	5692	244	85	196	223	199	25	35	50	60
81	1_1_15d_525_Mi_Ko.wav	0	0	41	2933	5709	235	83	97	211	98	25	35	60	70
82	1_1_13d_525_Mi_Ko.wav	0	1	41	2927	5512	245	83	197	221	198	25	35	60	70
83	1_2_10d_525_Ja_Ar.wav	0	0	42	2777	5480	235	81	97	212	98	25	35	60	70
84	1_2_11d_525_Ja_Ar.wav	0	1	42	2792	5488	245	81	197	222	198	25	35	60	70
85	1_1_7c_525_Ja_Ar.wav	0	0	43	2972	5656	235	80	97	211	98	25	35	60	70
86	1_1_8c_525_Ja_Ar.wav	0	1	43	3011	5572	245	80	197	221	198	25	35	60	70
87	1_3_49d_525_Mi_Ro.wav	0	0	44	3094	5802	235	91	97	213	98	25	35	60	70
88	1_3_50d_525_Mi_Ro.wav	0	1	44	3156	5864	245	91	197	223	198	25	35	60	70
89	1_1_19a_525_Ko_Ja.wav	0	0	45	2935	5540	235	86	97	211	98	25	35	70	80
90	1_1_20a_525_Ko_Ja.wav	0	1	45	2943	5495	245	86	197	221	198	25	35	70	80
91	1_3_46c_525_Ja_Ko.wav	0	0	46	3082	5790	235	88	97	213	98	25	35	70	80
92	1_3_47c_525_Ja_Ko.wav	0	1	46	3168	5876	245	88	197	223	198	25	35	70	80
93	1_2_28c_525_Mi_Ro.wav	0	0	47	2740	5395	235	90	97	212	98	25	35	70	80
94	1_2_29c_525_Mi_Ro.wav	0	1	47	2820	5391	245	90	197	222	198	25	35	70	80
95	1_3_43b_525_Ko_Mi.wav	0	0	48	3130	5761	235	85	97	213	98	25	35	70	80
96	1_3_45b_525_Ko_Mi.wav	0	1	48	3084	5704	245	85	197	223	198	25	35	70	80
97	1_2_34d_525_Ja_Ro.wav	0	0	49	2830	5459	235	93	97	212	98	25	35	80	90
98	1_2_35d_525_Ja_Ro.wav	3	1	49	2821	5459	245	93	197	222	198	25	35	80	90
99	1_3_4c_525_Mi_Ar.wav	0	0	50	3165	5750	236	78	97	213	98	25	35	80	90
100	1_3_5c_525_Mi_Ar.wav	0	1	50	3101	5700	246	78	197	223	198	25	35	80	90
101	1_1_31c_525_Ja_Ro.wav	0	0	51	2934	5565	236	92	97	211	98	25	35	80	90
102	1_1_32c_525_Ja_Ro.wav	0	1	51	2921	5727	246	92	197	221	198	25	35	80	90
103	1_2_16a_525_Ko_Mi.wav	0	0	52	2847	5418	236	84	97	212	98	25	35	80	90
104	1_2_17a_525_Ko_Mi.wav	0	1	52	2815	5452	246	84	197	222	198	25	35	80	90
105	1_3_40a_525_Ar_Ja.wav	0	0	53	3100	5808	236	82	97	213	98	35	45	60	70
106	1_3_41a_525_Ar_Ja.wav	0	1	53	3135	5733	246	82	197	223	198	35	45	60	70
107	1_3_37b_525_Ar_Mi.wav	0	0	54	3177	5807	236	79	97	213	98	35	45	60	70
108	1_3_38b_525_Ar_Mi.wav	0	1	54	3095	5765	246	79	197	223	198	35	45	60	70
109	1_3_52a_525_Ro_Ja.wav	0	0	55	3080	5638	236	94	97	213	98	35	45	60	70
110	1_3_53a_525_Ro_Ja.wav	0	1	55	3100	5808	246	94	197	223	198	35	45	60	70
111	1_1_25b_525_Ro_Mi.wav	0	0	56	2892	5488	236	89	97	211	98	35	45	60	70
112	1_1_26b_525_Ro_Mi.wav	0	1	56	2932	5535	246	89	197	221	198	35	45	60	70
113	1_1_1b_525_Ar_Mi.wav	0	0	57	2871	5625	236	77	97	211	98	35	45	70	80
114	1_1_2b_525_Ar_Mi.wav	0	1	57	2973	5646	246	77	197	221	198	35	45	70	80
115	1_2_22b_525_Ko_Ja.wav	0	0	58	2856	5488	236	87	97	212	98	35	45	70	80
116	1_2_23b_525_Ko_Ja.wav	3	1	58	2780	5442	246	87	197	222	198	35	45	70	80
117	3_1_15b_525_Ko_Mi.wav	0	0	59	3983	6759	237	83	97	211	99	35	45	70	80
118	3_1_13b_525_Ko_Mi.wav	0	1	59	3977	6562	247	83	197	221	199	35	45	70	80
119	3_1_25d_525_Mi_Ro.wav	0	0	60	3942	6538	237	89	97	211	99	35	45	70	80
120	3_1_26d_525_Mi_Ro.wav	0	1	60	3982	6585	247	89	197	221	199	35	45	70	80
121	3_3_37b_525_Ar_Mi.wav	0	0	61	4227	6857	237	79	97	213	99	35	45	80	90
122	3_3_38b_525_Ar_Mi.wav	0	1	61	4145	6815	247	79	197	223	199	35	45	80	90
123	3_1_1d_525_Mi_Ar.wav	0	0	62	3921	6675	237	77	97	211	99	35	45	80	90
124	3_1_2d_525_Mi_Ar.wav	0	1	62	4023	6696	247	77	197	221	199	35	45	80	90
125	3_1_31a_525_Ro_Ja.wav	0	0	63	3984	6615	237	92	97	211	99	35	45	80	90
126	3_1_32a_525_Ro_Ja.wav	0	1	63	3971	6777	247	92	197	221	199	35	45	80	90
127	3_3_43d_525_Mi_Ko.wav	0	0	64	4180	6811	237	85	97	213	99	35	45	80	90
128	3_3_45d_525_Mi_Ko.wav	0	1	64	4134	6754	247	85	197	223	199	35	45	80	90
129	3_3_46a_525_Ko_Ja.wav	0	0	65	4132	6840	237	88	97	213	99	45	55	70	80
130	3_3_47a_525_Ko_Ja.wav	0	1	65	4218	6926	247	88	197	223	199	45	55	70	80
131	3_2_16c_525_Mi_Ko.wav	0	0	66	3897	6468	237	84	97	212	99	45	55	70	80
132	3_2_17c_525_Mi_Ko.wav	0	1	66	3865	6502	247	84	197	222	199	45	55	70	80
133	3_2_28a_525_Ro_Mi.wav	0	0	67	3790	6445	237	90	97	212	99	45	55	70	80
134	3_2_29a_525_Ro_Mi.wav	3	1	67	3870	6441	247	90	197	222	199	45	55	70	80
135	3_3_49b_525_Ro_Mi.wav	0	0	68	4144	6852	238	91	97	213	99	45	55	70	80
136	3_3_50b_525_Ro_Mi.wav	0	1	68	4206	6914	248	91	197	223	199	45	55	70	80
137	3_2_34b_525_Ro_Ja.wav	0	0	69	3880	6509	238	93	97	212	99	45	55	80	90
138	3_2_35b_525_Ro_Ja.wav	0	1	69	3871	6509	248	93	197	222	199	45	55	80	90
139	3_1_7a_525_Ar_Ja.wav	0	0	70	4022	6706	238	80	97	211	99	45	55	80	90
140	3_1_8a_525_Ar_Ja.wav	0	1	70	4061	6622	248	80	197	221	199	45	55	80	90
141	3_2_4a_525_Ar_Mi.wav	0	0	71	3900	6485	238	78	97	212	99	45	55	80	90
142	3_2_5a_525_Ar_Mi.wav	0	1	71	3836	6435	248	78	197	222	199	45	55	80	90
143	3_2_10b_525_Ar_Ja.wav	0	0	72	3827	6530	238	81	97	212	99	45	55	80	90
144	3_2_11b_525_Ar_Ja.wav	0	1	72	3842	6538	248	81	197	222	199	45	55	80	90
145	3_3_40c_525_Ja_Ar.wav	0	0	73	4150	6858	238	82	97	213	99	55	65	80	90
146	3_3_41c_525_Ja_Ar.wav	0	1	73	4185	6783	248	82	197	223	199	55	65	80	90
147	3_2_22d_525_Ja_Ko.wav	0	0	74	3906	6538	238	87	97	212	99	55	65	80	90
148	3_2_23d_525_Ja_Ko.wav	0	1	74	3830	6492	248	87	197	222	199	55	65	80	90
149	3_1_19c_525_Ja_Ko.wav	0	0	75	3985	6590	238	86	97	211	99	55	65	80	90
150	3_1_20c_525_Ja_Ko.wav	0	1	75	3993	6545	248	86	197	221	199	55	65	80	90
151	3_3_52c_525_Ja_Ro.wav	0	0	76	4130	6688	238	94	97	213	99	55	65	80	90
152	3_3_53c_525_Ja_Ro.wav	99	1	76	4150	6858	248	94	197	223	199	55	65	80	90
