play_nr	wavname	expcode	dialoguenr	trialnr	code_conditie_send	code_overlap_send	code_blok	code_item	code_tempo	code_conditie	code_overlap	left_left_border	left_right_border	right_left_border	right_right_border
1	3_1_13c_425_Mi_Ko.wav	0	0	1	3300	5613	230	83	96	211	99	5	15	30	40
2	3_1_14c_425_Mi_Ko.wav	0	1	1	3260	5424	240	83	196	221	199	5	15	30	40
3	3_2_4c_525_Mi_Ar.wav	0	0	2	3900	6485	230	78	97	212	99	25	35	80	90
4	3_2_5c_525_Mi_Ar.wav	0	1	2	3836	6435	240	78	197	222	199	25	35	80	90
5	1_2_10b_525_Ar_Ja.wav	0	0	3	2777	5480	230	81	97	212	98	35	45	70	80
6	1_2_11b_525_Ar_Ja.wav	0	1	3	2792	5488	240	81	197	222	198	35	45	70	80
7	1_3_51a_425_Ro_Mi.wav	0	0	4	2564	4872	230	91	96	213	98	55	65	80	90
8	1_3_49a_425_Ro_Mi.wav	1	1	4	2551	4680	240	91	196	223	198	55	65	80	90
9	1_2_22c_525_Ja_Ko.wav	0	0	5	2806	5471	231	87	97	212	98	5	15	30	40
10	1_2_23c_525_Ja_Ko.wav	0	1	5	2847	5400	241	87	197	222	198	5	15	30	40
11	1_2_34a_525_Ro_Ja.wav	0	0	6	2734	5397	231	93	97	212	98	5	15	30	40
12	1_2_35a_525_Ro_Ja.wav	0	1	6	2795	5365	241	93	197	222	198	5	15	30	40
13	1_2_10a_525_Ar_Ja.wav	0	0	7	2780	5434	231	81	97	212	98	5	15	30	40
14	1_2_11a_525_Ar_Ja.wav	0	1	7	2815	5476	241	81	197	222	198	5	15	30	40
15	1_3_52b_525_Ro_Ja.wav	0	0	8	3121	5791	231	94	97	213	98	5	15	30	40
16	1_3_54b_525_Ro_Ja.wav	0	1	8	3078	5737	241	94	197	223	198	5	15	30	40
17	1_3_37c_525_Mi_Ar.wav	0	0	9	3092	5689	231	79	97	213	98	5	15	40	50
18	1_3_38c_525_Mi_Ar.wav	0	1	9	3162	5733	241	79	197	223	198	5	15	40	50
19	1_1_21b_525_Ko_Ja.wav	0	0	10	2925	5545	231	86	97	211	98	5	15	40	50
20	1_1_19b_525_Ko_Ja.wav	0	1	10	3013	5606	241	86	197	221	198	5	15	40	50
21	1_2_16b_525_Ko_Mi.wav	0	0	11	2786	5379	231	84	97	212	98	5	15	40	50
22	1_2_17b_525_Ko_Mi.wav	0	1	11	2855	5398	241	84	197	222	198	5	15	40	50
23	1_2_28d_525_Mi_Ro.wav	0	0	12	2770	5369	231	90	97	212	98	5	15	40	50
24	1_2_29d_525_Mi_Ro.wav	0	1	12	2730	5392	241	90	197	222	198	5	15	40	50
25	1_3_51a_525_Ro_Mi.wav	0	0	13	3094	5802	231	91	97	213	98	5	15	50	60
26	1_3_49a_525_Ro_Mi.wav	3	1	13	3080	5609	241	91	197	223	198	5	15	50	60
27	1_1_7d_525_Ja_Ar.wav	0	0	14	2920	5680	232	80	97	211	98	5	15	50	60
28	1_1_8d_525_Ja_Ar.wav	0	1	14	2950	5545	242	80	197	221	198	5	15	50	60
29	1_3_43c_525_Mi_Ko.wav	0	0	15	3095	5680	232	85	97	213	98	5	15	50	60
30	1_3_44c_525_Mi_Ko.wav	0	1	15	3130	5838	242	85	197	223	198	5	15	50	60
31	1_1_25c_525_Mi_Ro.wav	0	0	16	2973	5658	232	89	97	211	98	5	15	50	60
32	1_1_26c_525_Mi_Ro.wav	0	1	16	2970	5488	242	89	197	221	198	5	15	50	60
33	1_3_41b_525_Ar_Ja.wav	0	0	17	3095	5724	232	82	97	213	98	5	15	60	70
34	1_3_42b_525_Ar_Ja.wav	0	1	17	3177	5807	242	82	197	223	198	5	15	60	70
35	1_3_48d_525_Ja_Ko.wav	0	0	18	3171	5879	232	88	97	213	98	5	15	60	70
36	1_3_46d_525_Ja_Ko.wav	0	1	18	3056	5671	242	88	197	223	198	5	15	60	70
37	1_1_31d_525_Ja_Ro.wav	0	0	19	3020	5546	232	92	97	211	98	5	15	60	70
38	1_1_32d_525_Ja_Ro.wav	0	1	19	2953	5560	242	92	197	221	198	5	15	60	70
39	1_1_13a_525_Ko_Mi.wav	0	0	20	2950	5663	232	83	97	211	98	5	15	60	70
40	1_1_14a_525_Ko_Mi.wav	0	1	20	2910	5474	242	83	197	221	198	5	15	60	70
41	1_3_4d_525_Mi_Ar.wav	0	0	21	3101	5761	232	78	97	213	98	15	25	40	50
42	1_3_5d_525_Mi_Ar.wav	0	1	21	3089	5660	242	78	197	223	198	15	25	40	50
43	1_1_1c_525_Mi_Ar.wav	0	0	22	2948	5511	232	77	97	211	98	15	25	40	50
44	1_1_2c_525_Mi_Ar.wav	3	1	22	2951	5559	242	77	197	221	198	15	25	40	50
45	3_2_28a_425_Ro_Mi.wav	0	0	23	3120	5375	233	90	96	212	99	15	25	40	50
46	3_2_29a_425_Ro_Mi.wav	0	1	23	3200	5371	243	90	196	222	199	15	25	40	50
47	3_1_25d_425_Mi_Ro.wav	0	0	24	3242	5438	233	89	96	211	99	15	25	40	50
48	3_1_26d_425_Mi_Ro.wav	0	1	24	3282	5485	243	89	196	221	199	15	25	40	50
49	3_1_31a_425_Ro_Ja.wav	0	0	25	3284	5515	233	92	96	211	99	15	25	50	60
50	3_1_32a_425_Ro_Ja.wav	0	1	25	3293	5699	243	92	196	221	199	15	25	50	60
51	3_1_19c_425_Ja_Ko.wav	0	0	26	3285	5490	233	86	96	211	99	15	25	50	60
52	3_1_20c_425_Ja_Ko.wav	0	1	26	3293	5445	243	86	196	221	199	15	25	50	60
53	3_1_1d_425_Mi_Ar.wav	0	0	27	3221	5575	233	77	96	211	99	15	25	50	60
54	3_1_2d_425_Mi_Ar.wav	0	1	27	3323	5596	243	77	196	221	199	15	25	50	60
55	3_3_37b_425_Ar_Mi.wav	0	0	28	3497	5727	233	79	96	213	99	15	25	50	60
56	3_3_38b_425_Ar_Mi.wav	0	1	28	3415	5685	243	79	196	223	199	15	25	50	60
57	3_2_22d_425_Ja_Ko.wav	0	0	29	3236	5468	233	87	96	212	99	15	25	60	70
58	3_2_23d_425_Ja_Ko.wav	0	1	29	3160	5422	243	87	196	222	199	15	25	60	70
59	3_3_52c_425_Ja_Ro.wav	0	0	30	3400	5558	233	94	96	213	99	15	25	60	70
60	3_3_53c_425_Ja_Ro.wav	0	1	30	3420	5640	243	94	196	223	199	15	25	60	70
61	3_3_46a_425_Ko_Ja.wav	0	0	31	3402	5537	233	88	96	213	99	15	25	60	70
62	3_3_47a_425_Ko_Ja.wav	3	1	31	3488	5793	243	88	196	223	199	15	25	60	70
63	3_1_7a_425_Ar_Ja.wav	0	0	32	3322	5606	234	80	96	211	99	15	25	60	70
64	3_1_8a_425_Ar_Ja.wav	0	1	32	3361	5522	244	80	196	221	199	15	25	60	70
65	3_2_16c_425_Mi_Ko.wav	0	0	33	3227	5398	234	84	96	212	99	15	25	70	80
66	3_2_17c_425_Mi_Ko.wav	0	1	33	3195	5432	244	84	196	222	199	15	25	70	80
67	3_3_49b_425_Ro_Mi.wav	0	0	34	3414	5710	234	91	96	213	99	15	25	70	80
68	3_3_50b_425_Ro_Mi.wav	0	1	34	3476	5703	244	91	196	223	199	15	25	70	80
69	3_2_4a_425_Ar_Mi.wav	0	0	35	3230	5415	234	78	96	212	99	15	25	70	80
70	3_2_5a_425_Ar_Mi.wav	0	1	35	3166	5365	244	78	196	222	199	15	25	70	80
71	3_2_10b_425_Ar_Ja.wav	0	0	36	3157	5460	234	81	96	212	99	15	25	70	80
72	3_2_11b_425_Ar_Ja.wav	0	1	36	3172	5468	244	81	196	222	199	15	25	70	80
73	3_3_43d_425_Mi_Ko.wav	0	0	37	3450	5681	234	85	96	213	99	25	35	50	60
74	3_3_45d_425_Mi_Ko.wav	0	1	37	3404	5624	244	85	196	223	199	25	35	50	60
75	3_3_40c_425_Ja_Ar.wav	0	0	38	3420	5675	234	82	96	213	99	25	35	50	60
76	3_3_41c_425_Ja_Ar.wav	0	1	38	3455	5653	244	82	196	223	199	25	35	50	60
77	3_2_34b_425_Ro_Ja.wav	0	0	39	3210	5439	234	93	96	212	99	25	35	50	60
78	3_2_35b_425_Ro_Ja.wav	0	1	39	3201	5439	244	93	196	222	199	25	35	50	60
79	3_1_15b_425_Ko_Mi.wav	0	0	40	3283	5659	234	83	96	211	99	25	35	50	60
80	3_1_13b_425_Ko_Mi.wav	3	1	40	3277	5462	244	83	196	221	199	25	35	50	60
81	1_2_34d_425_Ja_Ro.wav	0	0	41	2360	4589	235	93	96	212	98	25	35	60	70
82	1_2_35d_425_Ja_Ro.wav	0	1	41	2351	4589	245	93	196	222	198	25	35	60	70
83	1_1_31c_425_Ja_Ro.wav	0	0	42	2434	4665	235	92	96	211	98	25	35	60	70
84	1_1_32c_425_Ja_Ro.wav	0	1	42	2443	4849	245	92	196	221	198	25	35	60	70
85	1_2_22b_425_Ko_Ja.wav	0	0	43	2386	4618	235	87	96	212	98	25	35	60	70
86	1_2_23b_425_Ko_Ja.wav	0	1	43	2310	4572	245	87	196	222	198	25	35	60	70
87	1_3_43b_425_Ko_Mi.wav	0	0	44	2600	4831	235	85	96	213	98	25	35	60	70
88	1_3_45b_425_Ko_Mi.wav	0	1	44	2554	4774	245	85	196	223	198	25	35	60	70
89	1_1_19a_425_Ko_Ja.wav	0	0	45	2435	4640	235	86	96	211	98	25	35	70	80
90	1_1_20a_425_Ko_Ja.wav	0	1	45	2443	4595	245	86	196	221	198	25	35	70	80
91	1_2_4c_425_Mi_Ar.wav	0	0	46	2381	4567	235	78	96	212	98	25	35	70	80
92	1_2_5c_425_Mi_Ar.wav	0	1	46	2316	4515	245	78	196	222	198	25	35	70	80
93	1_1_7c_425_Ja_Ar.wav	0	0	47	2472	4756	235	80	96	211	98	25	35	70	80
94	1_1_8c_425_Ja_Ar.wav	0	1	47	2511	4672	245	80	196	221	198	25	35	70	80
95	1_1_1b_425_Ar_Mi.wav	0	0	48	2371	4725	235	77	96	211	98	25	35	70	80
96	1_1_2b_425_Ar_Mi.wav	0	1	48	2473	4746	245	77	196	221	198	25	35	70	80
97	1_3_46c_425_Ja_Ko.wav	0	0	49	2552	4687	235	88	96	213	98	25	35	80	90
98	1_3_47c_425_Ja_Ko.wav	3	1	49	2638	4943	245	88	196	223	198	25	35	80	90
99	1_3_40a_425_Ar_Ja.wav	0	0	50	2570	4825	236	82	96	213	98	25	35	80	90
100	1_3_41a_425_Ar_Ja.wav	0	1	50	2605	4803	246	82	196	223	198	25	35	80	90
101	1_2_16a_425_Ko_Mi.wav	0	0	51	2377	4548	236	84	96	212	98	25	35	80	90
102	1_2_17a_425_Ko_Mi.wav	0	1	51	2345	4582	246	84	196	222	198	25	35	80	90
103	1_3_52a_425_Ro_Ja.wav	0	0	52	2550	4708	236	94	96	213	98	25	35	80	90
104	1_3_53a_425_Ro_Ja.wav	0	1	52	2570	4790	246	94	196	223	198	25	35	80	90
105	1_1_15d_425_Mi_Ko.wav	0	0	53	2433	4809	236	83	96	211	98	35	45	60	70
106	1_1_13d_425_Mi_Ko.wav	0	1	53	2427	4612	246	83	196	221	198	35	45	60	70
107	1_2_28c_425_Mi_Ro.wav	0	0	54	2270	4525	236	90	96	212	98	35	45	60	70
108	1_2_29c_425_Mi_Ro.wav	0	1	54	2350	4521	246	90	196	222	198	35	45	60	70
109	1_3_37d_425_Mi_Ar.wav	0	0	55	2647	4877	236	79	96	213	98	35	45	60	70
110	1_3_38d_425_Mi_Ar.wav	0	1	55	2565	4835	246	79	196	223	198	35	45	60	70
111	1_3_49d_425_Mi_Ro.wav	0	0	56	2564	4860	236	91	96	213	98	35	45	60	70
112	1_3_50d_425_Mi_Ro.wav	0	1	56	2626	4853	246	91	196	223	198	35	45	60	70
113	1_2_10d_425_Ja_Ar.wav	0	0	57	2307	4610	236	81	96	212	98	35	45	70	80
114	1_2_11d_425_Ja_Ar.wav	0	1	57	2322	4618	246	81	196	222	198	35	45	70	80
115	1_1_25b_425_Ro_Mi.wav	0	0	58	2392	4588	236	89	96	211	98	35	45	70	80
116	1_1_26b_425_Ro_Mi.wav	3	1	58	2432	4635	246	89	196	221	198	35	45	70	80
117	3_2_4b_525_Ar_Mi.wav	0	0	59	3836	6496	237	78	97	212	99	35	45	70	80
118	3_2_5b_525_Ar_Mi.wav	0	1	59	3824	6395	247	78	197	222	199	35	45	70	80
119	3_2_10c_525_Ja_Ar.wav	0	0	60	3830	6484	237	81	97	212	99	35	45	70	80
120	3_2_11c_525_Ja_Ar.wav	0	1	60	3865	6526	247	81	197	222	199	35	45	70	80
121	3_1_1a_525_Ar_Mi.wav	0	0	61	3998	6561	237	77	97	211	99	35	45	80	90
122	3_1_2a_525_Ar_Mi.wav	0	1	61	4001	6609	247	77	197	221	199	35	45	80	90
123	3_2_28b_525_Ro_Mi.wav	0	0	62	3820	6419	237	90	97	212	99	35	45	80	90
124	3_2_29b_525_Ro_Mi.wav	0	1	62	3780	6442	247	90	197	222	199	35	45	80	90
125	3_3_51c_525_Mi_Ro.wav	0	0	63	4144	6852	237	91	97	213	99	35	45	80	90
126	3_3_49c_525_Mi_Ro.wav	0	1	63	4130	6659	247	91	197	223	199	35	45	80	90
127	3_2_22a_525_Ko_Ja.wav	0	0	64	3856	6521	237	87	97	212	99	35	45	80	90
128	3_2_23a_525_Ko_Ja.wav	0	1	64	3897	6450	247	87	197	222	199	35	45	80	90
129	3_1_7b_525_Ar_Ja.wav	0	0	65	3970	6730	237	80	97	211	99	45	55	70	80
130	3_1_8b_525_Ar_Ja.wav	0	1	65	4000	6595	247	80	197	221	199	45	55	70	80
131	3_3_52d_525_Ja_Ro.wav	0	0	66	4171	6841	237	94	97	213	99	45	55	70	80
132	3_3_54d_525_Ja_Ro.wav	0	1	66	4128	6787	247	94	197	223	199	45	55	70	80
133	3_3_41d_525_Ja_Ar.wav	0	0	67	4145	6774	237	82	97	213	99	45	55	70	80
134	3_3_42d_525_Ja_Ar.wav	3	1	67	4227	6857	247	82	197	223	199	45	55	70	80
135	3_3_48b_525_Ko_Ja.wav	0	0	68	4221	6929	238	88	97	213	99	45	55	70	80
136	3_3_46b_525_Ko_Ja.wav	0	1	68	4106	6721	248	88	197	223	199	45	55	70	80
137	3_2_34c_525_Ja_Ro.wav	0	0	69	3784	6447	238	93	97	212	99	45	55	80	90
138	3_2_35c_525_Ja_Ro.wav	0	1	69	3845	6415	248	93	197	222	199	45	55	80	90
139	3_2_16d_525_Mi_Ko.wav	0	0	70	3836	6429	238	84	97	212	99	45	55	80	90
140	3_2_17d_525_Mi_Ko.wav	0	1	70	3905	6448	248	84	197	222	199	45	55	80	90
141	3_1_31b_525_Ro_Ja.wav	0	0	71	4070	6596	238	92	97	211	99	45	55	80	90
142	3_1_32b_525_Ro_Ja.wav	0	1	71	4003	6610	248	92	197	221	199	45	55	80	90
143	3_3_37c_525_Mi_Ar.wav	0	0	72	4142	6739	238	79	97	213	99	45	55	80	90
144	3_3_38c_525_Mi_Ar.wav	0	1	72	4212	6783	248	79	197	223	199	45	55	80	90
145	3_1_25a_525_Ro_Mi.wav	0	0	73	4023	6708	238	89	97	211	99	55	65	80	90
146	3_1_26a_525_Ro_Mi.wav	0	1	73	4020	6538	248	89	197	221	199	55	65	80	90
147	3_3_43a_525_Ko_Mi.wav	0	0	74	4145	6730	238	85	97	213	99	55	65	80	90
148	3_3_44a_525_Ko_Mi.wav	0	1	74	4180	6888	248	85	197	223	199	55	65	80	90
149	3_1_21d_525_Ja_Ko.wav	0	0	75	3975	6595	238	86	97	211	99	55	65	80	90
150	3_1_19d_525_Ja_Ko.wav	0	1	75	4063	6656	248	86	197	221	199	55	65	80	90
151	3_1_13c_525_Mi_Ko.wav	0	0	76	4000	6713	238	83	97	211	99	55	65	80	90
152	3_1_14c_525_Mi_Ko.wav	99	1	76	3960	6524	248	83	197	221	199	55	65	80	90
