	wavname	expcode	dialoguenr	trialnr	code_conditie_send	code_overlap_send	code_blok	code_item	code_tempo	code_conditie	code_overlap				
1	3_1_4d_525_Mi_Ar.wav	0	0	1	3994	6654	230	78	97	211	99	10	20	40	60
2	3_1_5d_525_Mi_Ar.wav	0	1	1	3982	6553	240	78	197	221	199	10	20	40	60
3	3_3_25b_425_Ro_Mi.wav	0	0	2	3369	5565	230	89	96	213	99	10	20	40	60
4	3_3_26b_425_Ro_Mi.wav	0	1	2	3409	5612	240	89	196	223	199	10	20	40	60
5	1_3_7b_525_Ar_Ja.wav	0	0	3	3077	5837	230	80	97	213	98	10	20	40	60
6	1_3_8b_525_Ar_Ja.wav	0	1	3	3107	5702	240	80	197	223	198	10	20	40	60
7	1_3_1d_425_Mi_Ar.wav	0	0	4	2498	4852	230	77	96	213	98	10	20	40	60
8	1_3_2d_425_Mi_Ar.wav	1	1	4	2600	4873	240	77	196	223	198	10	20	40	60
9	3_1_10d_525_Ja_Ar.wav	0	0	5	3985	6688	231	81	97	211	99	10	20	40	60
10	3_1_11d_525_Ja_Ar.wav	0	1	5	4000	6696	241	81	197	221	199	10	20	40	60
11	3_3_31c_525_Ja_Ro.wav	0	0	6	4141	6772	231	92	97	213	99	10	20	40	60
12	3_3_32c_525_Ja_Ro.wav	0	1	6	4128	6934	241	92	197	223	199	10	20	40	60
13	3_1_22b_525_Ko_Ja.wav	0	0	7	4064	6696	231	87	97	211	99	10	20	40	60
14	3_1_23b_525_Ko_Ja.wav	0	1	7	3988	6650	241	87	197	221	199	10	20	40	60
15	3_1_28c_525_Mi_Ro.wav	0	0	8	3948	6603	231	90	97	211	99	10	20	40	60
16	3_1_29c_525_Mi_Ro.wav	0	1	8	4028	6599	241	90	197	221	199	10	20	40	60
17	3_3_25b_525_Ro_Mi.wav	0	0	9	4099	6695	231	89	97	213	99	10	20	40	60
18	3_3_26b_525_Ro_Mi.wav	0	1	9	4139	6742	241	89	197	223	199	10	20	40	60
19	3_2_49d_525_Mi_Ro.wav	0	0	10	3829	6537	231	91	97	212	99	10	20	40	60
20	3_2_50d_525_Mi_Ro.wav	0	1	10	3891	6599	241	91	197	222	199	10	20	40	60
21	3_2_40a_525_Ar_Ja.wav	0	0	11	3835	6543	231	82	97	212	99	10	20	40	60
22	3_2_41a_525_Ar_Ja.wav	0	1	11	3870	6468	241	82	197	222	199	10	20	40	60
23	3_3_7c_525_Ja_Ar.wav	0	0	12	4179	6863	231	80	97	213	99	10	20	40	60
24	3_3_8c_525_Ja_Ar.wav	0	1	12	4218	6779	241	80	197	223	199	10	20	40	60
25	3_2_46c_525_Ja_Ko.wav	0	0	13	3817	6525	231	88	97	212	99	10	20	40	60
26	3_2_47c_525_Ja_Ko.wav	3	1	13	3903	6611	241	88	197	222	199	10	20	40	60
27	3_1_34d_525_Ja_Ro.wav	0	0	14	4038	6667	232	93	97	211	99	10	20	40	60
28	3_1_35d_525_Ja_Ro.wav	0	1	14	4029	6667	242	93	197	221	199	10	20	40	60
29	3_2_37d_525_Mi_Ar.wav	0	0	15	3912	6542	232	79	97	212	99	10	20	40	60
30	3_2_38d_525_Mi_Ar.wav	0	1	15	3830	6500	242	79	197	222	199	10	20	40	60
31	3_2_43b_525_Ko_Mi.wav	0	0	16	3865	6496	232	85	97	212	99	10	20	40	60
32	3_2_45b_525_Ko_Mi.wav	0	1	16	3819	6439	242	85	197	222	199	10	20	40	60
33	3_1_4c_525_Mi_Ar.wav	0	0	17	4058	6643	232	78	97	211	99	10	20	40	60
34	3_1_5c_525_Mi_Ar.wav	0	1	17	3994	6593	242	78	197	221	199	10	20	40	60
35	3_3_19a_525_Ko_Ja.wav	0	0	18	4142	6747	232	86	97	213	99	10	20	40	60
36	3_3_20a_525_Ko_Ja.wav	0	1	18	4150	6702	242	86	197	223	199	10	20	40	60
37	3_3_15d_525_Mi_Ko.wav	0	0	19	4140	6916	232	83	97	213	99	10	20	40	60
38	3_3_13d_525_Mi_Ko.wav	0	1	19	4134	6719	242	83	197	223	199	10	20	40	60
39	3_1_16a_525_Ko_Mi.wav	0	0	20	4055	6626	232	84	97	211	99	10	20	40	60
40	3_1_17a_525_Ko_Mi.wav	0	1	20	4023	6660	242	84	197	221	199	10	20	40	60
41	3_2_52a_525_Ro_Ja.wav	0	0	21	3815	6373	232	94	97	212	99	10	20	40	60
42	3_2_53a_525_Ro_Ja.wav	0	1	21	3835	6543	242	94	197	222	199	10	20	40	60
43	3_3_1b_525_Ar_Mi.wav	0	0	22	4078	6832	232	77	97	213	99	10	20	40	60
44	3_3_2b_525_Ar_Mi.wav	3	1	22	4180	6853	242	77	197	223	199	10	20	40	60
45	3_1_34c_425_Ja_Ro.wav	0	0	23	3242	5505	233	93	96	211	99	10	20	40	60
46	3_1_35c_425_Ja_Ro.wav	0	1	23	3303	5473	243	93	196	221	199	10	20	40	60
47	3_2_43a_425_Ko_Mi.wav	0	0	24	3160	5345	233	85	96	212	99	10	20	40	60
48	3_2_44a_425_Ko_Mi.wav	0	1	24	3195	5437	243	85	196	222	199	10	20	40	60
49	3_3_25a_425_Ro_Mi.wav	0	0	25	3450	5735	233	89	96	213	99	10	20	40	60
50	3_3_26a_425_Ro_Mi.wav	0	1	25	3447	5565	243	89	196	223	199	10	20	40	60
51	3_2_41d_425_Ja_Ar.wav	0	0	26	3160	5389	233	82	96	212	99	10	20	40	60
52	3_2_42d_425_Ja_Ar.wav	0	1	26	3242	5472	243	82	196	222	199	10	20	40	60
53	3_3_1a_425_Ar_Mi.wav	0	0	27	3425	5588	233	77	96	213	99	10	20	40	60
54	3_3_2a_425_Ar_Mi.wav	0	1	27	3428	5636	243	77	196	223	199	10	20	40	60
55	3_2_52d_425_Ja_Ro.wav	0	0	28	3441	5711	233	94	96	212	99	10	20	40	60
56	3_2_54d_425_Ja_Ro.wav	0	1	28	3398	5657	243	94	196	222	199	10	20	40	60
57	3_3_7b_425_Ar_Ja.wav	0	0	29	3397	5757	233	80	96	213	99	10	20	40	60
58	3_3_8b_425_Ar_Ja.wav	0	1	29	3427	5622	243	80	196	223	199	10	20	40	60
59	3_3_21d_425_Ja_Ko.wav	0	0	30	3402	5622	233	86	96	213	99	10	20	40	60
60	3_3_19d_425_Ja_Ko.wav	0	1	30	3490	5683	243	86	196	223	199	10	20	40	60
61	3_2_37c_425_Mi_Ar.wav	0	0	31	3157	5354	233	79	96	212	99	10	20	40	60
62	3_2_38c_425_Mi_Ar.wav	3	1	31	3227	5398	243	79	196	222	199	10	20	40	60
63	3_1_28b_425_Ro_Mi.wav	0	0	32	3278	5477	234	90	96	211	99	10	20	40	60
64	3_1_29b_425_Ro_Mi.wav	0	1	32	3238	5500	244	90	196	221	199	10	20	40	60
65	3_1_4b_425_Ar_Mi.wav	0	0	33	3295	5555	234	78	96	211	99	10	20	40	60
66	3_1_5b_425_Ar_Mi.wav	0	1	33	3282	5453	244	78	196	221	199	10	20	40	60
67	3_1_10c_425_Ja_Ar.wav	0	0	34	3288	5542	234	81	96	211	99	10	20	40	60
68	3_1_11c_425_Ja_Ar.wav	0	1	34	3323	5584	244	81	196	221	199	10	20	40	60
69	3_3_13c_425_Mi_Ko.wav	0	0	35	3427	5740	234	83	96	213	99	10	20	40	60
70	3_3_14c_425_Mi_Ko.wav	0	1	35	3387	5551	244	83	196	223	199	10	20	40	60
71	3_1_16d_425_Mi_Ko.wav	0	0	36	3294	5487	234	84	96	211	99	10	20	40	60
72	3_1_17d_425_Mi_Ko.wav	0	1	36	3363	5506	244	84	196	221	199	10	20	40	60
73	3_2_51c_425_Mi_Ro.wav	0	0	37	3159	5467	234	91	96	212	99	10	20	40	60
74	3_2_49c_425_Mi_Ro.wav	0	1	37	3146	5275	244	91	196	222	199	10	20	40	60
75	3_2_48b_425_Ko_Ja.wav	0	0	38	3236	5491	234	88	96	212	99	10	20	40	60
76	3_2_46b_425_Ko_Ja.wav	0	1	38	3122	5337	244	88	196	222	199	10	20	40	60
77	3_3_31b_425_Ro_Ja.wav	0	0	39	3497	5623	234	92	96	213	99	10	20	40	60
78	3_3_32b_425_Ro_Ja.wav	0	1	39	3365	5572	244	92	196	223	199	10	20	40	60
79	3_1_22a_425_Ko_Ja.wav	0	0	40	3314	5579	234	87	96	211	99	10	20	40	60
80	3_1_23a_425_Ko_Ja.wav	3	1	40	3355	5508	244	87	196	221	199	10	20	40	60
81	1_1_4d_425_Mi_Ar.wav	0	0	41	2445	4705	235	78	96	211	98	10	20	40	60
82	1_1_5d_425_Mi_Ar.wav	0	1	41	2432	4603	245	78	196	221	198	10	20	40	60
83	1_2_51a_425_Ro_Mi.wav	0	0	42	2309	4617	235	91	96	212	98	10	20	40	60
84	1_2_49a_425_Ro_Mi.wav	0	1	42	2296	4425	245	91	196	222	198	10	20	40	60
85	1_1_22c_425_Ja_Ko.wav	0	0	43	2464	4729	235	87	96	211	98	10	20	40	60
86	1_1_23c_425_Ja_Ko.wav	0	1	43	2505	4658	245	87	196	221	198	10	20	40	60
87	1_3_31d_425_Ja_Ro.wav	0	0	44	2647	4773	235	92	96	213	98	10	20	40	60
88	1_3_32d_425_Ja_Ro.wav	0	1	44	2515	4722	245	92	196	223	198	10	20	40	60
89	1_3_7d_425_Ja_Ar.wav	0	0	45	2547	4907	235	80	96	213	98	10	20	40	60
90	1_3_8d_425_Ja_Ar.wav	0	1	45	2577	4772	245	80	196	223	198	10	20	40	60
91	1_2_43c_425_Mi_Ko.wav	0	0	46	2310	4495	235	85	96	212	98	10	20	40	60
92	1_2_44c_425_Mi_Ko.wav	0	1	46	2345	4587	245	85	196	222	198	10	20	40	60
93	1_3_25c_425_Mi_Ro.wav	0	0	47	2600	4885	235	89	96	213	98	10	20	40	60
94	1_3_26c_425_Mi_Ro.wav	0	1	47	2597	4715	245	89	196	223	198	10	20	40	60
95	1_1_10a_425_Ar_Ja.wav	0	0	48	2438	4692	235	81	96	211	98	10	20	40	60
96	1_1_11a_425_Ar_Ja.wav	0	1	48	2473	4734	245	81	196	221	198	10	20	40	60
97	1_3_21b_425_Ko_Ja.wav	0	0	49	2552	4772	235	86	96	213	98	10	20	40	60
98	1_3_19b_425_Ko_Ja.wav	3	1	49	2640	4833	245	86	196	223	198	10	20	40	60
99	1_1_16b_425_Ko_Mi.wav	0	0	50	2444	4637	236	84	96	211	98	10	20	40	60
100	1_1_17b_425_Ko_Mi.wav	0	1	50	2513	4656	246	84	196	221	198	10	20	40	60
101	1_2_52b_425_Ro_Ja.wav	0	0	51	2591	4861	236	94	96	212	98	10	20	40	60
102	1_2_54b_425_Ro_Ja.wav	0	1	51	2548	4807	246	94	196	222	198	10	20	40	60
103	1_2_48d_425_Ja_Ko.wav	0	0	52	2386	4641	236	88	96	212	98	10	20	40	60
104	1_2_46d_425_Ja_Ko.wav	0	1	52	2272	4487	246	88	196	222	198	10	20	40	60
105	1_1_28d_425_Mi_Ro.wav	0	0	53	2428	4627	236	90	96	211	98	10	20	40	60
106	1_1_29d_425_Mi_Ro.wav	0	1	53	2388	4650	246	90	196	221	198	10	20	40	60
107	1_3_1c_425_Mi_Ar.wav	0	0	54	2575	4738	236	77	96	213	98	10	20	40	60
108	1_3_2c_425_Mi_Ar.wav	0	1	54	2578	4786	246	77	196	223	198	10	20	40	60
109	1_2_41b_425_Ar_Ja.wav	0	0	55	2310	4539	236	82	96	212	98	10	20	40	60
110	1_2_42b_425_Ar_Ja.wav	0	1	55	2392	4622	246	82	196	222	198	10	20	40	60
111	1_1_34a_425_Ro_Ja.wav	0	0	56	2392	4655	236	93	96	211	98	10	20	40	60
112	1_1_35a_425_Ro_Ja.wav	0	1	56	2453	4623	246	93	196	221	198	10	20	40	60
113	1_2_37a_425_Ar_Mi.wav	0	0	57	2307	4504	236	79	96	212	98	10	20	40	60
114	1_2_38a_425_Ar_Mi.wav	0	1	57	2377	4548	246	79	196	222	198	10	20	40	60
115	1_3_13a_425_Ko_Mi.wav	0	0	58	2577	4890	236	83	96	213	98	10	20	40	60
116	1_3_14a_425_Ko_Mi.wav	3	1	58	2537	4701	246	83	196	223	198	10	20	40	60
117	1_1_16c_525_Mi_Ko.wav	0	0	59	3005	5576	237	84	97	211	98	10	20	40	60
118	1_1_17c_525_Mi_Ko.wav	0	1	59	2973	5610	247	84	197	221	198	10	20	40	60
119	1_3_1d_525_Mi_Ar.wav	0	0	60	3028	5782	237	77	97	213	98	10	20	40	60
120	1_3_2d_525_Mi_Ar.wav	0	1	60	3130	5803	247	77	197	223	198	10	20	40	60
121	1_2_43d_525_Mi_Ko.wav	0	0	61	2815	5446	237	85	97	212	98	10	20	40	60
122	1_2_45d_525_Mi_Ko.wav	0	1	61	2769	5389	247	85	197	222	198	10	20	40	60
123	1_2_49b_525_Ro_Mi.wav	0	0	62	2779	5487	237	91	97	212	98	10	20	40	60
124	1_2_50b_525_Ro_Mi.wav	0	1	62	2841	5549	247	91	197	222	198	10	20	40	60
125	1_1_4a_525_Ar_Mi.wav	0	0	63	3008	5593	237	78	97	211	98	10	20	40	60
126	1_1_5a_525_Ar_Mi.wav	0	1	63	2944	5543	247	78	197	221	198	10	20	40	60
127	1_3_7a_525_Ar_Ja.wav	0	0	64	3129	5813	237	80	97	213	98	10	20	40	60
128	1_3_8a_525_Ar_Ja.wav	0	1	64	3168	5729	247	80	197	223	198	10	20	40	60
129	1_1_22d_525_Ja_Ko.wav	0	0	65	3014	5646	237	87	97	211	98	10	20	40	60
130	1_1_23d_525_Ja_Ko.wav	0	1	65	2938	5600	247	87	197	221	198	10	20	40	60
131	1_1_28a_525_Ro_Mi.wav	0	0	66	2898	5553	237	90	97	211	98	10	20	40	60
132	1_1_29a_525_Ro_Mi.wav	0	1	66	2978	5549	247	90	197	221	198	10	20	40	60
133	1_3_19c_525_Ja_Ko.wav	0	0	67	3092	5697	237	86	97	213	98	10	20	40	60
134	1_3_20c_525_Ja_Ko.wav	3	1	67	3100	5652	247	86	197	223	198	10	20	40	60
135	1_1_10b_525_Ar_Ja.wav	0	0	68	2935	5638	238	81	97	211	98	10	20	40	60
136	1_1_11b_525_Ar_Ja.wav	0	1	68	2950	5646	248	81	197	221	198	10	20	40	60
137	1_3_31a_525_Ro_Ja.wav	0	0	69	3091	5722	238	92	97	213	98	10	20	40	60
138	1_3_32a_525_Ro_Ja.wav	0	1	69	3078	5884	248	92	197	223	198	10	20	40	60
139	1_2_46a_525_Ko_Ja.wav	0	0	70	2767	5475	238	88	97	212	98	10	20	40	60
140	1_2_47a_525_Ko_Ja.wav	0	1	70	2853	5561	248	88	197	222	198	10	20	40	60
141	1_2_52c_525_Ja_Ro.wav	0	0	71	2765	5323	238	94	97	212	98	10	20	40	60
142	1_2_53c_525_Ja_Ro.wav	0	1	71	2785	5493	248	94	197	222	198	10	20	40	60
143	1_1_34b_525_Ro_Ja.wav	0	0	72	2988	5617	238	93	97	211	98	10	20	40	60
144	1_1_35b_525_Ro_Ja.wav	0	1	72	2979	5617	248	93	197	221	198	10	20	40	60
145	1_3_25d_525_Mi_Ro.wav	0	0	73	3049	5645	238	89	97	213	98	10	20	40	60
146	1_3_26d_525_Mi_Ro.wav	0	1	73	3089	5692	248	89	197	223	198	10	20	40	60
147	1_2_37d_525_Mi_Ar.wav	0	0	74	2862	5492	238	79	97	212	98	10	20	40	60
148	1_2_38d_525_Mi_Ar.wav	0	1	74	2780	5450	248	79	197	222	198	10	20	40	60
149	1_3_15b_525_Ko_Mi.wav	0	0	75	3090	5866	238	83	97	213	98	10	20	40	60
150	1_3_13b_525_Ko_Mi.wav	0	1	75	3084	5669	248	83	197	223	198	10	20	40	60
151	1_2_40c_525_Ja_Ar.wav	0	0	76	2785	5493	238	82	97	212	98	10	20	40	60
152	1_2_41c_525_Ja_Ar.wav	99	1	76	2820	5418	248	82	197	222	198	10	20	40	60
